-1.783	-0.002
-1.782	-0.006
-1.781	-0.008
-1.78	-0.002
-1.779	-0.006
-1.778	-0.008
-1.777	-0.006
-1.776	-0.006
-1.775	-0.008
-1.774	-0.004
-1.773	-0.002
-1.772	-0.01
-1.771	-0.002
-1.77	-0.008
-1.769	-0.006
-1.768	-0.002
-1.767	-0.004
-1.766	-0.002
-1.765	-0.002
-1.764	0.004
-1.763	-0.002
-1.762	-0.006
-1.761	0.006
-1.76	0
-1.759	0
-1.758	-0.002
-1.757	-0.002
-1.756	-0.004
-1.755	-0.004
-1.754	-0.006
-1.753	-0.004
-1.752	-0.006
-1.751	-0.008
-1.75	-0.004
-1.749	-0.006
-1.748	-0.002
-1.747	-0.004
-1.746	-0.01
-1.745	-0.006
-1.744	-0.01
-1.743	-0.004
-1.742	-0.004
-1.741	0
-1.74	-0.004
-1.739	-0.004
-1.738	0.002
-1.737	-0.004
-1.736	-0.004
-1.735	-0.002
-1.734	-0.006
-1.733	-0.008
-1.732	-0.006
-1.731	-0.006
-1.73	-0.006
-1.729	-0.01
-1.728	-0.004
-1.727	0
-1.726	-0.004
-1.725	-0.004
-1.724	-0.004
-1.723	-0.006
-1.722	-0.002
-1.721	-0.006
-1.72	-0.002
-1.719	-0.006
-1.718	-0.006
-1.717	-0.002
-1.716	-0.004
-1.715	-0.004
-1.714	-0.004
-1.713	-0.004
-1.712	-0.002
-1.711	-0.008
-1.71	-0.006
-1.709	-0.006
-1.708	-0.008
-1.707	-0.002
-1.706	-0.002
-1.705	-0.004
-1.704	-0.004
-1.703	-0.004
-1.702	-0.004
-1.701	-0.002
-1.7	-0.006
-1.699	-0.006
-1.698	-0.004
-1.697	-0.008
-1.696	-0.008
-1.695	-0.002
-1.694	-0.002
-1.693	0
-1.692	0
-1.691	0.002
-1.69	0.004
-1.689	-0.002
-1.688	-0.006
-1.687	0
-1.686	-0.004
-1.685	-0.004
-1.684	0
-1.683	-0.002
-1.682	-0.004
-1.681	-0.002
-1.68	-0.006
-1.679	0
-1.678	-0.008
-1.677	-0.004
-1.676	-0.004
-1.675	0.002
-1.674	-0.004
-1.673	-0.002
-1.672	-0.002
-1.671	0
-1.67	-0.002
-1.669	0.002
-1.668	-0.004
-1.667	-0.004
-1.666	-0.002
-1.665	-0.002
-1.664	-0.008
-1.663	-0.002
-1.662	-0.002
-1.661	-0.008
-1.66	-0.004
-1.659	-0.004
-1.658	-0.008
-1.657	-0.004
-1.656	-0.006
-1.655	-0.006
-1.654	-0.002
-1.653	-0.004
-1.652	-0.004
-1.651	-0.006
-1.65	-0.002
-1.649	-0.002
-1.648	-0.006
-1.647	-0.004
-1.646	-0.004
-1.645	-0.012
-1.644	-0.004
-1.643	-0.004
-1.642	0
-1.641	-0.004
-1.64	-0.002
-1.639	-0.002
-1.638	-0.002
-1.637	0
-1.636	0.002
-1.635	0.004
-1.634	0.004
-1.633	0
-1.632	0
-1.631	-0.002
-1.63	0
-1.629	-0.004
-1.628	0
-1.627	-0.004
-1.626	-0.01
-1.625	-0.004
-1.624	-0.002
-1.623	-0.006
-1.622	-0.002
-1.621	0.002
-1.62	0
-1.619	0.004
-1.618	0.002
-1.617	-0.002
-1.616	-0.002
-1.615	-0.002
-1.614	0.002
-1.613	-0.008
-1.612	-0.008
-1.611	-0.002
-1.61	-0.006
-1.609	-0.004
-1.608	-0.004
-1.607	-0.004
-1.606	-0.004
-1.605	-0.006
-1.604	-0.01
-1.603	-0.004
-1.602	-0.004
-1.601	-0.008
-1.6	-0.008
-1.599	-0.004
-1.598	-0.006
-1.597	-0.004
-1.596	-0.006
-1.595	0
-1.594	-0.006
-1.593	-0.008
-1.592	0.002
-1.591	-0.006
-1.59	-0.006
-1.589	0
-1.588	-0.002
-1.587	-0.004
-1.586	-0.002
-1.585	-0.006
-1.584	-0.006
-1.583	-0.01
-1.582	0
-1.581	-0.002
-1.58	-0.006
-1.579	-0.002
-1.578	0.002
-1.577	-0.004
-1.576	-0.004
-1.575	-0.006
-1.574	-0.002
-1.573	0
-1.572	-0.002
-1.571	-0.002
-1.57	0.002
-1.569	0
-1.568	-0.004
-1.567	-0.002
-1.566	-0.004
-1.565	-0.002
-1.564	-0.004
-1.563	-0.002
-1.562	0.002
-1.561	-0.004
-1.56	-0.002
-1.559	-0.004
-1.558	0.002
-1.557	-0.002
-1.556	0
-1.555	-0.004
-1.554	-0.004
-1.553	-0.004
-1.552	-0.002
-1.551	0
-1.55	0
-1.549	0
-1.548	0.006
-1.547	-0.004
-1.546	-0.004
-1.545	-0.002
-1.544	-0.006
-1.543	-0.004
-1.542	-0.004
-1.541	-0.004
-1.54	0
-1.539	-0.002
-1.538	-0.008
-1.537	0.002
-1.536	-0.002
-1.535	-0.006
-1.534	-0.002
-1.533	-0.004
-1.532	-0.002
-1.531	-0.002
-1.53	-0.002
-1.529	-0.002
-1.528	-0.008
-1.527	-0.002
-1.526	-0.008
-1.525	-0.002
-1.524	-0.002
-1.523	-0.002
-1.522	-0.006
-1.521	-0.004
-1.52	-0.006
-1.519	-0.008
-1.518	-0.006
-1.517	-0.008
-1.516	-0.004
-1.515	-0.006
-1.514	-0.01
-1.513	-0.004
-1.512	-0.006
-1.511	-0.002
-1.51	-0.002
-1.509	-0.004
-1.508	-0.002
-1.507	-0.002
-1.506	-0.006
-1.505	0.002
-1.504	-0.004
-1.503	-0.012
-1.502	-0.006
-1.501	-0.006
-1.5	-0.002
-1.499	-0.006
-1.498	-0.004
-1.497	-0.01
-1.496	-0.002
-1.495	-0.002
-1.494	-0.004
-1.493	-0.002
-1.492	-0.002
-1.491	0
-1.49	-0.002
-1.489	-0.002
-1.488	-0.004
-1.487	-0.008
-1.486	0
-1.485	-0.002
-1.484	-0.004
-1.483	-0.006
-1.482	-0.002
-1.481	-0.002
-1.48	-0.004
-1.479	-0.004
-1.478	-0.002
-1.477	-0.004
-1.476	-0.006
-1.475	0.004
-1.474	0
-1.473	-0.004
-1.472	0
-1.471	-0.004
-1.47	-0.006
-1.469	-0.002
-1.468	-0.006
-1.467	-0.004
-1.466	-0.002
-1.465	-0.006
-1.464	0
-1.463	0.002
-1.462	-0.004
-1.461	-0.002
-1.46	-0.002
-1.459	-0.004
-1.458	-0.002
-1.457	-0.002
-1.456	-0.002
-1.455	-0.002
-1.454	-0.002
-1.453	0
-1.452	-0.006
-1.451	-0.004
-1.45	-0.002
-1.449	-0.006
-1.448	-0.004
-1.447	-0.002
-1.446	-0.006
-1.445	-0.002
-1.444	-0.004
-1.443	-0.008
-1.442	-0.006
-1.441	-0.002
-1.44	-0.004
-1.439	-0.004
-1.438	0
-1.437	0
-1.436	0
-1.435	-0.002
-1.434	-0.002
-1.433	0
-1.432	-0.004
-1.431	0.004
-1.43	-0.008
-1.429	-0.006
-1.428	0
-1.427	-0.002
-1.426	-0.002
-1.425	-0.002
-1.424	-0.002
-1.423	0
-1.422	0
-1.421	-0.008
-1.42	0
-1.419	-0.01
-1.418	-0.002
-1.417	0
-1.416	-0.004
-1.415	-0.006
-1.414	-0.006
-1.413	-0.008
-1.412	-0.002
-1.411	-0.008
-1.41	-0.008
-1.409	-0.002
-1.408	-0.004
-1.407	-0.004
-1.406	-0.002
-1.405	-0.006
-1.404	-0.004
-1.403	-0.004
-1.402	-0.002
-1.401	-0.004
-1.4	-0.006
-1.399	-0.002
-1.398	-0.002
-1.397	-0.008
-1.396	-0.002
-1.395	-0.002
-1.394	-0.002
-1.393	-0.004
-1.392	-0.004
-1.391	-0.002
-1.39	0.006
-1.389	-0.002
-1.388	-0.002
-1.387	0
-1.386	-0.006
-1.385	-0.002
-1.384	-0.002
-1.383	-0.002
-1.382	-0.004
-1.381	-0.004
-1.38	-0.002
-1.379	0
-1.378	-0.014
-1.377	-0.008
-1.376	-0.002
-1.375	0
-1.374	-0.004
-1.373	-0.004
-1.372	-0.002
-1.371	-0.002
-1.37	-0.01
-1.369	-0.004
-1.368	0.002
-1.367	-0.012
-1.366	-0.006
-1.365	-0.006
-1.364	-0.01
-1.363	-0.008
-1.362	-0.006
-1.361	-0.006
-1.36	-0.004
-1.359	-0.008
-1.358	-0.002
-1.357	0
-1.356	-0.002
-1.355	0.002
-1.354	-0.004
-1.353	-0.002
-1.352	0.002
-1.351	-0.002
-1.35	0.002
-1.349	0.002
-1.348	-0.006
-1.347	-0.002
-1.346	0.002
-1.345	-0.006
-1.344	0
-1.343	0.002
-1.342	-0.002
-1.341	-0.002
-1.34	-0.002
-1.339	0
-1.338	-0.006
-1.337	-0.006
-1.336	0.004
-1.335	0.002
-1.334	-0.002
-1.333	-0.002
-1.332	-0.008
-1.331	-0.006
-1.33	-0.004
-1.329	-0.004
-1.328	0.002
-1.327	-0.002
-1.326	-0.008
-1.325	-0.004
-1.324	-0.002
-1.323	-0.004
-1.322	-0.002
-1.321	-0.002
-1.32	-0.004
-1.319	-0.006
-1.318	-0.002
-1.317	0.004
-1.316	-0.002
-1.315	0
-1.314	0.002
-1.313	0.002
-1.312	-0.002
-1.311	0
-1.31	0
-1.309	-0.002
-1.308	0
-1.307	0
-1.306	0
-1.305	-0.002
-1.304	-0.008
-1.303	0.002
-1.302	-0.004
-1.301	-0.006
-1.3	-0.008
-1.299	-0.006
-1.298	-0.004
-1.297	-0.008
-1.296	-0.008
-1.295	-0.006
-1.294	-0.01
-1.293	0
-1.292	-0.006
-1.291	-0.002
-1.29	-0.002
-1.289	-0.002
-1.288	-0.004
-1.287	-0.002
-1.286	-0.002
-1.285	0
-1.284	0.006
-1.283	-0.004
-1.282	0.002
-1.281	0.006
-1.28	-0.002
-1.279	-0.002
-1.278	0.002
-1.277	0.004
-1.276	-0.002
-1.275	-0.004
-1.274	0
-1.273	0
-1.272	-0.01
-1.271	-0.004
-1.27	-0.002
-1.269	-0.004
-1.268	-0.004
-1.267	-0.004
-1.266	-0.004
-1.265	-0.002
-1.264	-0.006
-1.263	-0.002
-1.262	0.002
-1.261	-0.002
-1.26	-0.006
-1.259	0
-1.258	-0.008
-1.257	-0.004
-1.256	-0.004
-1.255	0
-1.254	0.002
-1.253	-0.01
-1.252	-0.006
-1.251	-0.008
-1.25	-0.004
-1.249	-0.002
-1.248	-0.006
-1.247	0
-1.246	0.002
-1.245	-0.002
-1.244	-0.006
-1.243	-0.002
-1.242	-0.002
-1.241	-0.006
-1.24	-0.008
-1.239	-0.01
-1.238	-0.004
-1.237	-0.006
-1.236	-0.006
-1.235	-0.006
-1.234	-0.006
-1.233	-0.004
-1.232	-0.006
-1.231	-0.008
-1.23	0
-1.229	0
-1.228	-0.006
-1.227	0
-1.226	-0.004
-1.225	-0.004
-1.224	0
-1.223	-0.002
-1.222	-0.004
-1.221	-0.002
-1.22	-0.014
-1.219	-0.008
-1.218	-0.002
-1.217	0
-1.216	0
-1.215	-0.004
-1.214	-0.004
-1.213	-0.008
-1.212	-0.006
-1.211	0
-1.21	-0.002
-1.209	-0.002
-1.208	0.002
-1.207	0.002
-1.206	-0.006
-1.205	-0.002
-1.204	-0.002
-1.203	-0.008
-1.202	-0.002
-1.201	-0.006
-1.2	-0.002
-1.199	0.004
-1.198	-0.004
-1.197	0
-1.196	-0.002
-1.195	-0.004
-1.194	-0.004
-1.193	-0.002
-1.192	-0.002
-1.191	-0.004
-1.19	-0.004
-1.189	-0.004
-1.188	-0.008
-1.187	-0.004
-1.186	0.002
-1.185	-0.002
-1.184	-0.004
-1.183	-0.004
-1.182	-0.004
-1.181	-0.002
-1.18	-0.006
-1.179	-0.008
-1.178	0
-1.177	-0.004
-1.176	-0.008
-1.175	-0.002
-1.174	-0.004
-1.173	-0.008
-1.172	-0.004
-1.171	-0.004
-1.17	-0.002
-1.169	-0.01
-1.168	-0.012
-1.167	-0.008
-1.166	-0.008
-1.165	-0.004
-1.164	-0.002
-1.163	-0.006
-1.162	-0.006
-1.161	-0.002
-1.16	-0.006
-1.159	-0.006
-1.158	-0.002
-1.157	-0.004
-1.156	-0.006
-1.155	0
-1.154	-0.004
-1.153	-0.002
-1.152	-0.006
-1.151	-0.006
-1.15	-0.002
-1.149	-0.004
-1.148	-0.004
-1.147	-0.002
-1.146	-0.004
-1.145	-0.002
-1.144	-0.002
-1.143	-0.002
-1.142	0.002
-1.141	-0.002
-1.14	-0.002
-1.139	-0.002
-1.138	-0.006
-1.137	-0.002
-1.136	-0.01
-1.135	-0.006
-1.134	-0.002
-1.133	-0.01
-1.132	-0.008
-1.131	-0.004
-1.13	-0.006
-1.129	-0.006
-1.128	-0.006
-1.127	-0.006
-1.126	-0.004
-1.125	-0.006
-1.124	-0.006
-1.123	-0.002
-1.122	-0.002
-1.121	-0.004
-1.12	-0.002
-1.119	-0.006
-1.118	-0.002
-1.117	0
-1.116	-0.004
-1.115	0
-1.114	-0.004
-1.113	-0.008
-1.112	0.008
-1.111	-0.004
-1.11	-0.002
-1.109	-0.004
-1.108	-0.004
-1.107	-0.004
-1.106	-0.002
-1.105	-0.002
-1.104	0.002
-1.103	-0.006
-1.102	-0.004
-1.101	-0.008
-1.1	-0.004
-1.099	-0.006
-1.098	-0.008
-1.097	-0.004
-1.096	-0.004
-1.095	-0.002
-1.094	-0.004
-1.093	-0.002
-1.092	-0.004
-1.091	-0.008
-1.09	-0.004
-1.089	-0.012
-1.088	-0.008
-1.087	-0.006
-1.086	-0.008
-1.085	-0.004
-1.084	-0.006
-1.083	-0.002
-1.082	-0.006
-1.081	-0.008
-1.08	0
-1.079	-0.002
-1.078	-0.008
-1.077	-0.002
-1.076	-0.006
-1.075	-0.004
-1.074	-0.006
-1.073	-0.006
-1.072	-0.006
-1.071	-0.006
-1.07	-0.01
-1.069	0
-1.068	0.006
-1.067	-0.002
-1.066	-0.004
-1.065	-0.006
-1.064	-0.006
-1.063	-0.008
-1.062	-0.01
-1.061	0.002
-1.06	0.002
-1.059	-0.004
-1.058	0
-1.057	-0.002
-1.056	0
-1.055	-0.002
-1.054	-0.002
-1.053	-0.002
-1.052	-0.002
-1.051	-0.006
-1.05	-0.002
-1.049	0
-1.048	-0.002
-1.047	-0.004
-1.046	-0.002
-1.045	-0.008
-1.044	-0.002
-1.043	-0.004
-1.042	-0.004
-1.041	-0.002
-1.04	-0.01
-1.039	-0.006
-1.038	-0.006
-1.037	-0.006
-1.036	-0.002
-1.035	-0.004
-1.034	-0.006
-1.033	0
-1.032	-0.004
-1.031	-0.004
-1.03	-0.004
-1.029	-0.004
-1.028	-0.002
-1.027	-0.006
-1.026	-0.01
-1.025	-0.01
-1.024	-0.014
-1.023	-0.01
-1.022	-0.008
-1.021	-0.01
-1.02	-0.008
-1.019	-0.01
-1.018	-0.008
-1.017	-0.006
-1.016	-0.01
-1.015	-0.01
-1.014	-0.004
-1.013	-0.016
-1.012	-0.012
-1.011	-0.012
-1.01	-0.012
-1.009	-0.014
-1.008	-0.01
-1.007	-0.014
-1.006	-0.01
-1.005	-0.006
-1.004	-0.014
-1.003	-0.01
-1.002	-0.018
-1.001	-0.02
-1	-0.016
-0.999	-0.02
-0.998	-0.02
-0.997	-0.022
-0.996	-0.02
-0.995	-0.016
-0.994	-0.026
-0.993	-0.02
-0.992	-0.026
-0.991	-0.028
-0.99	-0.034
-0.989	-0.03
-0.988	-0.036
-0.987	-0.042
-0.986	-0.048
-0.985	-0.064
-0.984	-0.058
-0.983	-0.058
-0.982	-0.074
-0.981	-0.056
-0.98	-0.072
-0.979	-0.09
-0.978	-0.094
-0.977	-0.098
-0.976	-0.11
-0.975	-0.108
-0.974	-0.122
-0.973	-0.118
-0.972	-0.136
-0.971	-0.136
-0.97	-0.148
-0.969	-0.152
-0.968	-0.154
-0.967	-0.164
-0.966	-0.172
-0.965	-0.176
-0.964	-0.188
-0.963	-0.184
-0.962	-0.19
-0.961	-0.184
-0.96	-0.18
-0.959	-0.18
-0.958	-0.18
-0.957	-0.186
-0.956	-0.182
-0.955	-0.182
-0.954	-0.158
-0.953	-0.18
-0.952	-0.146
-0.951	-0.148
-0.95	-0.11
-0.949	-0.12
-0.948	-0.082
-0.947	-0.082
-0.946	-0.078
-0.945	-0.076
-0.944	-0.066
-0.943	-0.048
-0.942	-0.048
-0.941	-0.054
-0.94	-0.032
-0.939	-0.02
-0.938	-0.024
-0.937	0.024
-0.936	0.02
-0.935	0.038
-0.934	0.054
-0.933	0.064
-0.932	0.08
-0.931	0.092
-0.93	0.072
-0.929	0.086
-0.928	0.1
-0.927	0.108
-0.926	0.122
-0.925	0.124
-0.924	0.134
-0.923	0.128
-0.922	0.136
-0.921	0.15
-0.92	0.148
-0.919	0.152
-0.918	0.166
-0.917	0.146
-0.916	0.154
-0.915	0.144
-0.914	0.154
-0.913	0.152
-0.912	0.15
-0.911	0.148
-0.91	0.142
-0.909	0.138
-0.908	0.126
-0.907	0.142
-0.906	0.118
-0.905	0.124
-0.904	0.112
-0.903	0.104
-0.902	0.094
-0.901	0.088
-0.9	0.086
-0.899	0.084
-0.898	0.076
-0.897	0.076
-0.896	0.078
-0.895	0.06
-0.894	0.062
-0.893	0.056
-0.892	0.048
-0.891	0.044
-0.89	0.038
-0.889	0.04
-0.888	0.044
-0.887	0.036
-0.886	0.034
-0.885	0.034
-0.884	0.02
-0.883	0.024
-0.882	0.024
-0.881	0.024
-0.88	0.022
-0.879	0.02
-0.878	0.022
-0.877	0.02
-0.876	0.02
-0.875	0.016
-0.874	0.014
-0.873	0.012
-0.872	0.014
-0.871	0.01
-0.87	0.008
-0.869	0.008
-0.868	0.01
-0.867	0.008
-0.866	0.006
-0.865	0.004
-0.864	0.008
-0.863	-0.004
-0.862	0.002
-0.861	0.006
-0.86	0.002
-0.859	0.002
-0.858	0.002
-0.857	0.002
-0.856	0.002
-0.855	-0.002
-0.854	0
-0.853	0.006
-0.852	-0.002
-0.851	-0.002
-0.85	-0.002
-0.849	0.006
-0.848	0
-0.847	-0.002
-0.846	0.004
-0.845	0
-0.844	-0.002
-0.843	-0.002
-0.842	0.002
-0.841	0
-0.84	0.002
-0.839	0.006
-0.838	0.002
-0.837	0.002
-0.836	0
-0.835	0.002
-0.834	0
-0.833	-0.004
-0.832	-0.002
-0.831	0.004
-0.83	-0.006
-0.829	0
-0.828	0
-0.827	-0.002
-0.826	-0.002
-0.825	-0.002
-0.824	-0.004
-0.823	-0.002
-0.822	-0.006
-0.821	-0.002
-0.82	0.002
-0.819	-0.004
-0.818	0
-0.817	-0.002
-0.816	0
-0.815	0.002
-0.814	-0.002
-0.813	0.002
-0.812	0.006
-0.811	-0.01
-0.81	0
-0.809	0
-0.808	-0.006
-0.807	-0.002
-0.806	-0.002
-0.805	-0.004
-0.804	0
-0.803	-0.002
-0.802	-0.004
-0.801	0
-0.8	-0.008
-0.799	-0.002
-0.798	0
-0.797	-0.002
-0.796	0
-0.795	0
-0.794	0.002
-0.793	0
-0.792	0.002
-0.791	0.006
-0.79	0.004
-0.789	0.004
-0.788	0.008
-0.787	0.008
-0.786	0.002
-0.785	0.004
-0.784	0
-0.783	-0.002
-0.782	-0.002
-0.781	-0.006
-0.78	0.002
-0.779	-0.002
-0.778	-0.002
-0.777	0.002
-0.776	0
-0.775	-0.006
-0.774	-0.006
-0.773	-0.004
-0.772	-0.006
-0.771	-0.004
-0.77	-0.008
-0.769	0.004
-0.768	-0.006
-0.767	-0.006
-0.766	0.002
-0.765	-0.006
-0.764	-0.006
-0.763	-0.006
-0.762	-0.008
-0.761	-0.002
-0.76	-0.004
-0.759	-0.004
-0.758	-0.004
-0.757	-0.002
-0.756	0
-0.755	0.002
-0.754	0.002
-0.753	0.002
-0.752	0.002
-0.751	0.004
-0.75	0.002
-0.749	-0.002
-0.748	0.006
-0.747	0.006
-0.746	0
-0.745	0.002
-0.744	0
-0.743	-0.002
-0.742	-0.002
-0.741	-0.002
-0.74	-0.004
-0.739	-0.002
-0.738	-0.006
-0.737	-0.006
-0.736	0.004
-0.735	-0.006
-0.734	-0.008
-0.733	-0.006
-0.732	-0.006
-0.731	-0.002
-0.73	-0.008
-0.729	-0.008
-0.728	0
-0.727	-0.01
-0.726	-0.006
-0.725	-0.004
-0.724	-0.002
-0.723	-0.006
-0.722	-0.008
-0.721	-0.004
-0.72	-0.004
-0.719	-0.008
-0.718	-0.006
-0.717	0
-0.716	-0.002
-0.715	0.002
-0.714	0.004
-0.713	-0.002
-0.712	-0.004
-0.711	-0.002
-0.71	-0.006
-0.709	-0.002
-0.708	-0.008
-0.707	-0.01
-0.706	-0.002
-0.705	-0.006
-0.704	-0.008
-0.703	-0.002
-0.702	-0.008
-0.701	-0.006
-0.7	-0.004
-0.699	-0.008
-0.698	-0.01
-0.697	-0.006
-0.696	-0.002
-0.695	-0.002
-0.694	-0.012
-0.693	0
-0.692	-0.002
-0.691	-0.004
-0.69	-0.004
-0.689	-0.006
-0.688	-0.002
-0.687	-0.006
-0.686	-0.006
-0.685	-0.004
-0.684	-0.004
-0.683	-0.008
-0.682	-0.006
-0.681	-0.002
-0.68	-0.002
-0.679	-0.002
-0.678	-0.002
-0.677	-0.002
-0.676	-0.002
-0.675	0
-0.674	0
-0.673	0
-0.672	0.004
-0.671	-0.002
-0.67	-0.002
-0.669	0
-0.668	-0.002
-0.667	-0.004
-0.666	-0.006
-0.665	-0.006
-0.664	-0.008
-0.663	0
-0.662	0
-0.661	-0.01
-0.66	-0.002
-0.659	-0.002
-0.658	-0.008
-0.657	-0.006
-0.656	-0.01
-0.655	-0.008
-0.654	-0.004
-0.653	-0.008
-0.652	0.002
-0.651	0
-0.65	-0.004
-0.649	-0.004
-0.648	-0.004
-0.647	-0.008
-0.646	-0.004
-0.645	-0.008
-0.644	-0.004
-0.643	-0.008
-0.642	-0.01
-0.641	-0.004
-0.64	-0.004
-0.639	-0.002
-0.638	-0.002
-0.637	-0.008
-0.636	-0.006
-0.635	-0.01
-0.634	-0.01
-0.633	-0.006
-0.632	-0.006
-0.631	-0.01
-0.63	0
-0.629	-0.01
-0.628	-0.012
-0.627	-0.006
-0.626	-0.008
-0.625	-0.006
-0.624	-0.004
-0.623	-0.006
-0.622	-0.004
-0.621	-0.01
-0.62	-0.012
-0.619	0.002
-0.618	0
-0.617	-0.004
-0.616	-0.004
-0.615	-0.006
-0.614	-0.008
-0.613	-0.006
-0.612	-0.002
-0.611	-0.006
-0.61	-0.01
-0.609	-0.006
-0.608	-0.004
-0.607	-0.006
-0.606	-0.01
-0.605	-0.01
-0.604	-0.004
-0.603	-0.006
-0.602	-0.008
-0.601	-0.012
-0.6	-0.006
-0.599	-0.008
-0.598	-0.008
-0.597	0.004
-0.596	-0.004
-0.595	-0.002
-0.594	0
-0.593	0
-0.592	0
-0.591	0.004
-0.59	0
-0.589	0
-0.588	0
-0.587	-0.002
-0.586	0.002
-0.585	-0.002
-0.584	-0.002
-0.583	-0.004
-0.582	-0.004
-0.581	-0.002
-0.58	-0.002
-0.579	-0.006
-0.578	0
-0.577	-0.008
-0.576	-0.006
-0.575	-0.004
-0.574	-0.002
-0.573	-0.004
-0.572	-0.004
-0.571	-0.002
-0.57	0
-0.569	-0.01
-0.568	0.002
-0.567	0.002
-0.566	-0.002
-0.565	0
-0.564	-0.002
-0.563	-0.002
-0.562	-0.008
-0.561	-0.006
-0.56	-0.006
-0.559	-0.004
-0.558	-0.004
-0.557	-0.008
-0.556	-0.006
-0.555	-0.002
-0.554	-0.004
-0.553	0.002
-0.552	-0.002
-0.551	-0.002
-0.55	-0.002
-0.549	-0.002
-0.548	-0.002
-0.547	-0.006
-0.546	0.006
-0.545	-0.002
-0.544	-0.01
-0.543	0.002
-0.542	0
-0.541	0
-0.54	-0.002
-0.539	-0.006
-0.538	-0.002
-0.537	-0.002
-0.536	-0.006
-0.535	0.002
-0.534	0.002
-0.533	-0.002
-0.532	0
-0.531	-0.004
-0.53	-0.004
-0.529	-0.004
-0.528	-0.004
-0.527	-0.004
-0.526	0.002
-0.525	-0.008
-0.524	-0.004
-0.523	0
-0.522	-0.006
-0.521	-0.008
-0.52	-0.008
-0.519	-0.008
-0.518	-0.008
-0.517	-0.004
-0.516	-0.002
-0.515	-0.004
-0.514	-0.006
-0.513	0
-0.512	-0.002
-0.511	-0.008
-0.51	-0.004
-0.509	-0.004
-0.508	-0.002
-0.507	-0.008
-0.506	-0.004
-0.505	0
-0.504	-0.002
-0.503	-0.006
-0.502	0.002
-0.501	-0.008
-0.5	-0.004
-0.499	-0.004
-0.498	-0.002
-0.497	-0.004
-0.496	-0.006
-0.495	-0.008
-0.494	-0.006
-0.493	-0.01
-0.492	-0.006
-0.491	-0.006
-0.49	-0.002
-0.489	-0.006
-0.488	-0.004
-0.487	-0.004
-0.486	0
-0.485	-0.002
-0.484	-0.002
-0.483	0.002
-0.482	-0.004
-0.481	0
-0.48	0.002
-0.479	-0.004
-0.478	-0.002
-0.477	-0.002
-0.476	0
-0.475	-0.002
-0.474	-0.002
-0.473	-0.004
-0.472	-0.006
-0.471	-0.002
-0.47	-0.002
-0.469	0.002
-0.468	-0.004
-0.467	-0.002
-0.466	-0.004
-0.465	-0.004
-0.464	-0.002
-0.463	-0.006
-0.462	-0.004
-0.461	0
-0.46	0.004
-0.459	0
-0.458	-0.004
-0.457	-0.004
-0.456	-0.004
-0.455	-0.008
-0.454	-0.004
-0.453	-0.002
-0.452	-0.006
-0.451	-0.006
-0.45	0
-0.449	-0.002
-0.448	0
-0.447	-0.002
-0.446	-0.002
-0.445	0
-0.444	-0.002
-0.443	-0.004
-0.442	-0.002
-0.441	0
-0.44	0.002
-0.439	-0.002
-0.438	-0.008
-0.437	-0.008
-0.436	-0.002
-0.435	-0.006
-0.434	-0.006
-0.433	-0.008
-0.432	-0.002
-0.431	0.004
-0.43	-0.004
-0.429	-0.002
-0.428	0.008
-0.427	-0.004
-0.426	-0.002
-0.425	-0.002
-0.424	-0.004
-0.423	-0.002
-0.422	-0.008
-0.421	-0.008
-0.42	-0.004
-0.419	-0.01
-0.418	-0.012
-0.417	-0.004
-0.416	-0.008
-0.415	-0.006
-0.414	-0.004
-0.413	-0.004
-0.412	0
-0.411	-0.002
-0.41	-0.002
-0.409	-0.002
-0.408	-0.004
-0.407	-0.006
-0.406	-0.01
-0.405	-0.006
-0.404	-0.006
-0.403	-0.006
-0.402	-0.006
-0.401	-0.004
-0.4	-0.008
-0.399	0
-0.398	-0.002
-0.397	-0.006
-0.396	0
-0.395	-0.008
-0.394	-0.01
-0.393	-0.008
-0.392	-0.01
-0.391	-0.008
-0.39	-0.006
-0.389	-0.006
-0.388	-0.002
-0.387	0
-0.386	-0.006
-0.385	0
-0.384	-0.004
-0.383	-0.008
-0.382	-0.002
-0.381	-0.004
-0.38	-0.004
-0.379	-0.002
-0.378	-0.002
-0.377	-0.006
-0.376	-0.004
-0.375	-0.01
-0.374	-0.01
-0.373	0.002
-0.372	-0.006
-0.371	-0.006
-0.37	-0.006
-0.369	-0.006
-0.368	-0.012
-0.367	-0.008
-0.366	-0.004
-0.365	0.004
-0.364	0.002
-0.363	-0.002
-0.362	-0.002
-0.361	-0.004
-0.36	-0.002
-0.359	-0.004
-0.358	-0.004
-0.357	-0.006
-0.356	-0.004
-0.355	-0.002
-0.354	-0.006
-0.353	-0.014
-0.352	-0.002
-0.351	-0.004
-0.35	-0.002
-0.349	0
-0.348	0
-0.347	0.002
-0.346	-0.002
-0.345	-0.006
-0.344	0.01
-0.343	0.002
-0.342	0.004
-0.341	0.004
-0.34	0.002
-0.339	0
-0.338	-0.002
-0.337	0
-0.336	-0.002
-0.335	-0.004
-0.334	-0.002
-0.333	-0.002
-0.332	0.002
-0.331	-0.006
-0.33	-0.002
-0.329	-0.002
-0.328	0
-0.327	0.002
-0.326	-0.002
-0.325	-0.002
-0.324	-0.002
-0.323	-0.006
-0.322	0.004
-0.321	0.002
-0.32	-0.006
-0.319	0.006
-0.318	-0.002
-0.317	-0.004
-0.316	-0.004
-0.315	-0.002
-0.314	-0.002
-0.313	-0.01
-0.312	-0.012
-0.311	-0.006
-0.31	-0.008
-0.309	-0.006
-0.308	-0.016
-0.307	-0.012
-0.306	-0.008
-0.305	-0.008
-0.304	-0.004
-0.303	0.002
-0.302	-0.01
-0.301	-0.01
-0.3	-0.002
-0.299	-0.004
-0.298	-0.002
-0.297	-0.002
-0.296	-0.002
-0.295	-0.004
-0.294	-0.004
-0.293	-0.01
-0.292	-0.008
-0.291	0.002
-0.29	-0.004
-0.289	-0.008
-0.288	-0.01
-0.287	-0.008
-0.286	-0.002
-0.285	-0.008
-0.284	-0.002
-0.283	-0.006
-0.282	-0.006
-0.281	-0.004
-0.28	-0.012
-0.279	-0.008
-0.278	-0.006
-0.277	-0.008
-0.276	-0.004
-0.275	-0.004
-0.274	-0.006
-0.273	-0.008
-0.272	-0.006
-0.271	-0.01
-0.27	-0.006
-0.269	-0.008
-0.268	-0.006
-0.267	-0.002
-0.266	-0.012
-0.265	-0.01
-0.264	-0.006
-0.263	-0.008
-0.262	-0.006
-0.261	-0.006
-0.26	-0.006
-0.259	0
-0.258	-0.004
-0.257	-0.01
-0.256	-0.008
-0.255	-0.002
-0.254	-0.004
-0.253	-0.008
-0.252	-0.004
-0.251	-0.008
-0.25	-0.01
-0.249	-0.004
-0.248	-0.008
-0.247	-0.006
-0.246	-0.006
-0.245	-0.004
-0.244	-0.008
-0.243	0
-0.242	-0.002
-0.241	-0.002
-0.24	0
-0.239	0.002
-0.238	-0.002
-0.237	0
-0.236	-0.01
-0.235	-0.008
-0.234	-0.002
-0.233	0
-0.232	0
-0.231	0
-0.23	-0.002
-0.229	-0.002
-0.228	-0.004
-0.227	-0.002
-0.226	-0.004
-0.225	0
-0.224	0
-0.223	0.006
-0.222	0.002
-0.221	0
-0.22	0
-0.219	-0.002
-0.218	0
-0.217	-0.006
-0.216	-0.002
-0.215	0.002
-0.214	-0.004
-0.213	0
-0.212	-0.004
-0.211	-0.006
-0.21	-0.004
-0.209	-0.004
-0.208	-0.002
-0.207	-0.006
-0.206	-0.01
-0.205	-0.006
-0.204	-0.002
-0.203	-0.006
-0.202	0
-0.201	-0.006
-0.2	-0.002
-0.199	-0.004
-0.198	-0.006
-0.197	-0.004
-0.196	-0.004
-0.195	-0.006
-0.194	0.002
-0.193	-0.002
-0.192	-0.008
-0.191	-0.01
-0.19	-0.01
-0.189	-0.008
-0.188	-0.002
-0.187	-0.002
-0.186	-0.002
-0.185	-0.002
-0.184	-0.002
-0.183	0
-0.182	-0.006
-0.181	-0.002
-0.18	0
-0.179	-0.006
-0.178	-0.006
-0.177	-0.006
-0.176	-0.004
-0.175	-0.002
-0.174	-0.002
-0.173	0
-0.172	0.002
-0.171	-0.002
-0.17	0
-0.169	0
-0.168	-0.004
-0.167	-0.002
-0.166	-0.002
-0.165	-0.004
-0.164	-0.002
-0.163	-0.008
-0.162	-0.008
-0.161	-0.004
-0.16	-0.006
-0.159	-0.004
-0.158	-0.002
-0.157	0
-0.156	-0.002
-0.155	-0.004
-0.154	-0.004
-0.153	0.002
-0.152	-0.002
-0.151	-0.01
-0.15	-0.002
-0.149	0
-0.148	-0.008
-0.147	-0.008
-0.146	-0.008
-0.145	-0.004
-0.144	-0.008
-0.143	-0.008
-0.142	-0.002
-0.141	-0.004
-0.14	-0.006
-0.139	-0.004
-0.138	-0.006
-0.137	-0.006
-0.136	-0.01
-0.135	-0.006
-0.134	-0.006
-0.133	-0.008
-0.132	-0.004
-0.131	-0.002
-0.13	-0.008
-0.129	0
-0.128	0.008
-0.127	-0.002
-0.126	-0.002
-0.125	0
-0.124	-0.002
-0.123	0
-0.122	-0.004
-0.121	-0.004
-0.12	-0.006
-0.119	-0.006
-0.118	0.006
-0.117	0
-0.116	-0.004
-0.115	0
-0.114	0
-0.113	-0.002
-0.112	0.002
-0.111	-0.002
-0.11	0.002
-0.109	-0.002
-0.108	-0.004
-0.107	-0.002
-0.106	-0.008
-0.105	-0.006
-0.104	-0.002
-0.103	-0.002
-0.102	0
-0.101	-0.002
-0.1	-0.002
-0.099	-0.002
-0.098	-0.002
-0.097	-0.01
-0.096	-0.002
-0.095	0
-0.094	-0.004
-0.093	-0.002
-0.092	-0.006
-0.091	-0.002
-0.09	-0.006
-0.089	-0.004
-0.088	-0.006
-0.087	-0.004
-0.086	-0.006
-0.085	-0.004
-0.084	-0.006
-0.083	-0.004
-0.082	-0.004
-0.081	-0.004
-0.08	-0.002
-0.079	-0.004
-0.078	-0.006
-0.077	-0.002
-0.076	-0.006
-0.075	-0.01
-0.074	-0.01
-0.073	-0.004
-0.072	-0.006
-0.071	-0.006
-0.07	-0.004
-0.069	-0.002
-0.068	-0.002
-0.067	-0.008
-0.066	-0.004
-0.065	-0.004
-0.064	-0.008
-0.063	0.002
-0.062	0
-0.061	-0.006
-0.06	-0.002
-0.059	-0.002
-0.058	-0.004
-0.057	0
-0.056	-0.002
-0.055	-0.006
-0.054	-0.002
-0.053	-0.01
-0.052	-0.006
-0.051	-0.008
-0.05	-0.004
-0.049	-0.004
-0.048	-0.002
-0.047	0
-0.046	-0.002
-0.045	-0.002
-0.044	-0.002
-0.043	-0.002
-0.042	-0.004
-0.041	0
-0.04	0
-0.039	0
-0.038	-0.002
-0.037	-0.002
-0.036	0.006
-0.035	0
-0.034	-0.002
-0.033	0.004
-0.032	0.004
-0.031	-0.004
-0.03	-0.002
-0.029	-0.004
-0.028	-0.002
-0.027	-0.004
-0.026	-0.002
-0.025	-0.002
-0.024	-0.004
-0.023	-0.008
-0.022	0
-0.021	-0.006
-0.02	-0.002
-0.019	0
-0.018	-0.004
-0.017	-0.004
-0.016	-0.002
-0.015	-0.004
-0.014	-0.004
-0.013	-0.006
-0.012	-0.01
-0.011	-0.002
-0.01	-0.004
-0.009	-0.004
-0.008	0
-0.007	-0.002
-0.006	-0.002
-0.005	-0.006
-0.004	-0.004
-0.003	0
-0.002	0
-0.001	-0.002
-0	0
0.001	-0.004
0.002	-0.006
0.003	-0.006
0.004	-0.006
0.005	-0.002
0.006	-0.008
0.007	-0.004
0.008	0
0.009	-0.004
0.01	-0.01
0.011	-0.002
0.012	-0.004
0.013	-0.002
0.014	-0.002
0.015	-0.002
0.016	0
0.017	0
0.018	-0.004
0.019	-0.002
0.02	-0.01
0.021	-0.002
0.022	0
0.023	-0.008
0.024	-0.002
0.025	-0.006
0.026	-0.002
0.027	0
0.028	-0.004
0.029	-0.004
0.03	-0.002
0.031	-0.012
0.032	-0.006
0.033	-0.002
0.034	-0.006
0.035	-0.006
0.036	-0.002
0.037	-0.008
0.038	-0.008
0.039	-0.006
0.04	-0.004
0.041	-0.008
0.042	-0.006
0.043	-0.006
0.044	-0.004
0.045	-0.008
0.046	-0.002
0.047	-0.008
0.048	-0.004
0.049	-0.004
0.05	-0.008
0.051	0.002
0.052	-0.002
0.053	-0.004
0.054	-0.004
0.055	-0.004
0.056	-0.002
0.057	-0.002
0.058	-0.006
0.059	-0.006
0.06	-0.006
0.061	-0.008
0.062	-0.008
0.063	0.002
0.064	-0.006
0.065	-0.004
0.066	-0.006
0.067	-0.008
0.068	-0.006
0.069	-0.006
0.07	-0.006
0.071	-0.004
0.072	-0.01
0.073	-0.004
0.074	0.002
0.075	-0.002
0.076	-0.002
0.077	0.002
0.078	0.002
0.079	0.006
0.08	-0.002
0.081	0
0.082	-0.002
0.083	0
0.084	-0.002
0.085	0
0.086	0
0.087	0
0.088	0.002
0.089	-0.002
0.09	0
0.091	-0.002
0.092	-0.006
0.093	-0.006
0.094	-0.004
0.095	0
0.096	-0.006
0.097	-0.012
0.098	-0.002
0.099	-0.006
0.1	-0.006
0.101	-0.006
0.102	-0.004
0.103	-0.004
0.104	-0.01
0.105	-0.012
0.106	-0.002
