0.00000	0.00000	0.00000	0.00000	0.00000	0.00000	0.00000	0.00000	0.00000	0.00000	0.00000	0.00000	0.00000	0.00000	0.00000	0.00000	0.00000	0.00000	0.00000	0.00000	0.00000	0.00000	0.00000	0.00000	0.00000	0.00000	0.00000	0.00000	0.00000	0.00000	0.00000	0.00000	0.00000	0.00000	0.00000	0.00000	0.00000	0.00000	0.00000	0.00000	0.00000	0.00000	0.00000	0.00000	0.00000	0.00000	0.00000	0.00000	0.00000	0.00000	0.00000	0.00000	0.00000	0.00000	0.00000	0.00000	0.00000	0.00000	
0.00000	0.00000	0.00000	0.00000	0.00000	0.00000	0.00000	0.00000	0.00000	0.00000	0.00000	0.00000	0.00000	0.00000	0.00000	0.00000	0.00000	0.00000	0.00000	0.00000	0.00000	0.00000	0.00000	0.00000	0.00000	0.00000	0.00000	0.00000	0.00000	0.00000	0.00000	0.00000	0.00000	0.00000	0.00000	0.00000	0.00000	0.00000	0.00000	0.00000	0.00000	0.00000	0.00000	0.00000	0.00000	0.00000	0.00000	0.00000	0.00000	0.00000	0.00000	0.00000	0.00000	0.00000	0.00000	0.00000	0.00000	0.00000	
0.00000	0.00000	0.00000	0.00000	0.00000	0.00000	0.00000	0.00000	0.00000	0.00000	0.00000	0.00000	0.00000	0.00000	0.00000	0.00000	0.00000	0.00000	0.00000	0.00000	0.00000	0.00000	0.00000	0.00000	0.00000	0.00000	0.00000	0.00000	0.00000	0.00000	0.00000	0.00000	0.00000	0.00000	0.00000	0.00000	0.00000	0.00000	0.00000	0.00000	0.00000	0.00000	0.00000	0.00000	0.00000	0.00000	0.00000	0.00000	0.00000	0.00000	0.00000	0.00000	0.00000	0.00000	0.00000	0.00000	0.00000	0.00000	
0.00000	0.00000	0.00000	0.00000	0.00000	0.00000	0.00000	0.00000	0.00000	0.00000	0.00000	0.00000	0.00000	0.00000	0.00000	0.00000	0.00000	0.00000	0.00000	0.00000	0.00000	0.00000	0.00000	0.00000	0.00000	0.00000	0.00001	0.00001	0.00001	0.00001	0.00001	0.00001	0.00001	0.00001	0.00001	0.00000	0.00000	0.00000	0.00000	0.00000	0.00000	0.00000	0.00000	0.00000	0.00000	0.00000	0.00000	0.00000	0.00000	0.00000	0.00000	0.00000	0.00000	0.00000	0.00000	0.00000	0.00000	0.00000	
0.00000	0.00000	0.00000	0.00000	0.00000	0.00000	0.00000	0.00000	0.00000	0.00000	0.00000	0.00000	0.00000	0.00000	0.00000	0.00000	0.00000	0.00000	0.00000	0.00000	0.00000	0.00000	0.00000	0.00001	0.00001	0.00001	0.00001	0.00002	0.00002	0.00002	0.00002	0.00002	0.00002	0.00001	0.00001	0.00001	0.00001	0.00000	0.00000	0.00000	0.00000	0.00000	0.00000	0.00000	0.00000	0.00000	0.00000	0.00000	0.00000	0.00000	0.00000	0.00000	0.00000	0.00000	0.00000	0.00000	0.00000	0.00000	
0.00000	0.00000	0.00000	0.00000	0.00000	0.00000	0.00000	0.00000	0.00000	0.00000	0.00000	0.00000	0.00000	0.00000	0.00000	0.00000	0.00000	0.00000	0.00000	0.00000	0.00000	0.00001	0.00001	0.00001	0.00002	0.00002	0.00003	0.00003	0.00004	0.00004	0.00004	0.00004	0.00003	0.00003	0.00003	0.00002	0.00001	0.00001	0.00001	0.00000	0.00000	0.00000	0.00000	0.00000	0.00000	0.00000	0.00000	0.00000	0.00000	0.00000	0.00000	0.00000	0.00000	0.00000	0.00000	0.00000	0.00000	0.00000	
0.00000	0.00000	0.00000	0.00000	0.00000	0.00000	0.00000	0.00000	0.00000	0.00000	0.00000	0.00000	0.00000	0.00000	0.00000	0.00000	0.00000	0.00000	0.00000	0.00001	0.00001	0.00001	0.00002	0.00003	0.00004	0.00005	0.00006	0.00007	0.00008	0.00009	0.00009	0.00008	0.00007	0.00007	0.00005	0.00004	0.00003	0.00002	0.00002	0.00001	0.00001	0.00000	0.00000	0.00000	0.00000	0.00000	0.00000	0.00000	0.00000	0.00000	0.00000	0.00000	0.00000	0.00000	0.00000	0.00000	0.00000	0.00000	
0.00000	0.00000	0.00000	0.00000	0.00000	0.00000	0.00000	0.00000	0.00000	0.00000	0.00000	0.00000	0.00000	0.00000	0.00000	0.00000	0.00000	0.00000	0.00001	0.00001	0.00002	0.00003	0.00005	0.00006	0.00009	0.00011	0.00013	0.00015	0.00017	0.00018	0.00018	0.00017	0.00016	0.00014	0.00011	0.00009	0.00007	0.00005	0.00003	0.00002	0.00001	0.00001	0.00000	0.00000	0.00000	0.00000	0.00000	0.00000	0.00000	0.00000	0.00000	0.00000	0.00000	0.00000	0.00000	0.00000	0.00000	0.00000	
0.00000	0.00000	0.00000	0.00000	0.00000	0.00000	0.00000	0.00000	0.00000	0.00000	0.00000	0.00000	0.00000	0.00000	0.00000	0.00000	0.00000	0.00001	0.00001	0.00003	0.00004	0.00006	0.00009	0.00013	0.00018	0.00023	0.00028	0.00032	0.00036	0.00038	0.00038	0.00036	0.00033	0.00029	0.00024	0.00019	0.00014	0.00010	0.00007	0.00004	0.00003	0.00002	0.00001	0.00000	0.00000	0.00000	0.00000	0.00000	0.00000	0.00000	0.00000	0.00000	0.00000	0.00000	0.00000	0.00000	0.00000	0.00000	
0.00000	0.00000	0.00000	0.00000	0.00000	0.00000	0.00000	0.00000	0.00000	0.00000	0.00000	0.00000	0.00000	0.00000	0.00000	0.00000	0.00001	0.00002	0.00003	0.00005	0.00008	0.00013	0.00019	0.00027	0.00036	0.00047	0.00057	0.00066	0.00073	0.00077	0.00077	0.00074	0.00067	0.00058	0.00048	0.00038	0.00029	0.00021	0.00014	0.00009	0.00006	0.00003	0.00002	0.00001	0.00001	0.00000	0.00000	0.00000	0.00000	0.00000	0.00000	0.00000	0.00000	0.00000	0.00000	0.00000	0.00000	0.00000	
0.00000	0.00000	0.00000	0.00000	0.00000	0.00000	0.00000	0.00000	0.00000	0.00000	0.00000	0.00000	0.00000	0.00000	0.00000	0.00001	0.00002	0.00003	0.00006	0.00010	0.00017	0.00026	0.00039	0.00055	0.00073	0.00094	0.00114	0.00132	0.00146	0.00154	0.00155	0.00148	0.00135	0.00117	0.00097	0.00077	0.00058	0.00041	0.00028	0.00018	0.00011	0.00007	0.00004	0.00002	0.00001	0.00001	0.00000	0.00000	0.00000	0.00000	0.00000	0.00000	0.00000	0.00000	0.00000	0.00000	0.00000	0.00000	
0.00000	0.00000	0.00000	0.00000	0.00000	0.00000	0.00000	0.00000	0.00000	0.00000	0.00000	0.00000	0.00000	0.00000	0.00001	0.00002	0.00004	0.00007	0.00012	0.00021	0.00034	0.00052	0.00077	0.00108	0.00145	0.00185	0.00225	0.00261	0.00289	0.00304	0.00306	0.00293	0.00267	0.00232	0.00192	0.00152	0.00114	0.00082	0.00056	0.00036	0.00023	0.00013	0.00008	0.00004	0.00002	0.00001	0.00000	0.00000	0.00000	0.00000	0.00000	0.00000	0.00000	0.00000	0.00000	0.00000	0.00000	0.00000	
0.00000	0.00000	0.00000	0.00000	0.00000	0.00000	0.00000	0.00000	0.00000	0.00000	0.00000	0.00000	0.00000	0.00001	0.00002	0.00004	0.00007	0.00013	0.00024	0.00040	0.00065	0.00101	0.00149	0.00210	0.00281	0.00359	0.00437	0.00508	0.00561	0.00591	0.00594	0.00568	0.00518	0.00451	0.00373	0.00295	0.00222	0.00159	0.00109	0.00071	0.00044	0.00026	0.00015	0.00008	0.00004	0.00002	0.00001	0.00000	0.00000	0.00000	0.00000	0.00000	0.00000	0.00000	0.00000	0.00000	0.00000	0.00000	
0.00000	0.00000	0.00000	0.00000	0.00000	0.00000	0.00000	0.00000	0.00000	0.00000	0.00000	0.00000	0.00001	0.00002	0.00003	0.00007	0.00013	0.00025	0.00045	0.00077	0.00125	0.00193	0.00285	0.00401	0.00537	0.00686	0.00835	0.00969	0.01072	0.01129	0.01134	0.01085	0.00990	0.00860	0.00713	0.00563	0.00423	0.00304	0.00207	0.00135	0.00084	0.00050	0.00028	0.00015	0.00008	0.00004	0.00002	0.00001	0.00000	0.00000	0.00000	0.00000	0.00000	0.00000	0.00000	0.00000	0.00000	0.00000	
0.00000	0.00000	0.00000	0.00000	0.00000	0.00000	0.00000	0.00000	0.00000	0.00000	0.00000	0.00001	0.00001	0.00003	0.00006	0.00013	0.00025	0.00047	0.00085	0.00144	0.00234	0.00363	0.00535	0.00753	0.01009	0.01289	0.01569	0.01820	0.02012	0.02120	0.02129	0.02038	0.01859	0.01616	0.01338	0.01057	0.00795	0.00570	0.00389	0.00254	0.00157	0.00093	0.00052	0.00028	0.00014	0.00007	0.00003	0.00001	0.00001	0.00000	0.00000	0.00000	0.00000	0.00000	0.00000	0.00000	0.00000	0.00000	
0.00000	0.00000	0.00000	0.00000	0.00000	0.00000	0.00000	0.00000	0.00000	0.00000	0.00000	0.00001	0.00002	0.00005	0.00011	0.00024	0.00046	0.00087	0.00156	0.00266	0.00432	0.00669	0.00988	0.01389	0.01862	0.02379	0.02896	0.03360	0.03715	0.03914	0.03931	0.03762	0.03431	0.02982	0.02470	0.01950	0.01467	0.01052	0.00719	0.00468	0.00291	0.00172	0.00097	0.00052	0.00027	0.00013	0.00006	0.00003	0.00001	0.00000	0.00000	0.00000	0.00000	0.00000	0.00000	0.00000	0.00000	0.00000	
0.00000	0.00000	0.00000	0.00000	0.00000	0.00000	0.00000	0.00000	0.00000	0.00000	0.00001	0.00002	0.00004	0.00010	0.00021	0.00043	0.00084	0.00158	0.00283	0.00483	0.00784	0.01215	0.01793	0.02521	0.03379	0.04317	0.05255	0.06097	0.06741	0.07104	0.07134	0.06827	0.06227	0.05412	0.04483	0.03539	0.02663	0.01909	0.01305	0.00850	0.00527	0.00312	0.00176	0.00094	0.00048	0.00024	0.00011	0.00005	0.00002	0.00001	0.00000	0.00000	0.00000	0.00000	0.00000	0.00000	0.00000	0.00000	
0.00000	0.00000	0.00000	0.00000	0.00000	0.00000	0.00000	0.00000	0.00000	0.00000	0.00001	0.00003	0.00007	0.00017	0.00037	0.00076	0.00150	0.00282	0.00505	0.00861	0.01399	0.02167	0.03198	0.04499	0.06030	0.07702	0.09377	0.10879	0.12029	0.12675	0.12728	0.12182	0.11110	0.09657	0.08000	0.06315	0.04751	0.03407	0.02328	0.01516	0.00941	0.00556	0.00314	0.00168	0.00086	0.00042	0.00020	0.00009	0.00004	0.00001	0.00001	0.00000	0.00000	0.00000	0.00000	0.00000	0.00000	0.00000	
0.00000	0.00000	0.00000	0.00000	0.00000	0.00000	0.00000	0.00000	0.00000	0.00001	0.00002	0.00005	0.00013	0.00030	0.00065	0.00134	0.00264	0.00495	0.00886	0.01511	0.02455	0.03802	0.05611	0.07892	0.10578	0.13512	0.16450	0.19085	0.21102	0.22235	0.22329	0.21370	0.19491	0.16941	0.14034	0.11079	0.08335	0.05977	0.04084	0.02659	0.01651	0.00976	0.00550	0.00296	0.00151	0.00074	0.00034	0.00015	0.00006	0.00003	0.00001	0.00000	0.00000	0.00000	0.00000	0.00000	0.00000	0.00000	
0.00000	0.00000	0.00000	0.00000	0.00000	0.00000	0.00000	0.00000	0.00001	0.00001	0.00004	0.00009	0.00023	0.00052	0.00112	0.00231	0.00455	0.00854	0.01528	0.02606	0.04234	0.06557	0.09677	0.13611	0.18244	0.23305	0.28371	0.32916	0.36394	0.38350	0.38511	0.36857	0.33616	0.29219	0.24204	0.19108	0.14376	0.10308	0.07044	0.04587	0.02847	0.01684	0.00949	0.00510	0.00261	0.00127	0.00059	0.00026	0.00011	0.00004	0.00002	0.00001	0.00000	0.00000	0.00000	0.00000	0.00000	0.00000	
0.00000	0.00000	0.00000	0.00000	0.00000	0.00000	0.00000	0.00000	0.00001	0.00002	0.00006	0.00016	0.00038	0.00087	0.00190	0.00392	0.00772	0.01449	0.02592	0.04419	0.07180	0.11119	0.16409	0.23080	0.30936	0.39517	0.48108	0.55815	0.61713	0.65029	0.65303	0.62497	0.57002	0.49546	0.41043	0.32401	0.24377	0.17479	0.11944	0.07778	0.04827	0.02855	0.01609	0.00864	0.00443	0.00216	0.00100	0.00044	0.00019	0.00008	0.00003	0.00001	0.00000	0.00000	0.00000	0.00000	0.00000	0.00000	
0.00000	0.00000	0.00000	0.00000	0.00000	0.00000	0.00000	0.00001	0.00001	0.00004	0.00011	0.00027	0.00064	0.00146	0.00316	0.00653	0.01286	0.02415	0.04320	0.07367	0.11970	0.18537	0.27357	0.38476	0.51573	0.65880	0.80202	0.93050	1.02883	1.08411	1.08868	1.04191	0.95029	0.82600	0.68424	0.54017	0.40640	0.29139	0.19911	0.12967	0.08047	0.04760	0.02683	0.01441	0.00738	0.00360	0.00167	0.00074	0.00031	0.00013	0.00005	0.00002	0.00001	0.00000	0.00000	0.00000	0.00000	0.00000	
0.00000	0.00000	0.00000	0.00000	0.00000	0.00000	0.00000	0.00001	0.00002	0.00007	0.00018	0.00044	0.00105	0.00239	0.00518	0.01070	0.02108	0.03958	0.07081	0.12074	0.19620	0.30383	0.44839	0.63065	0.84532	1.07981	1.31456	1.52514	1.68631	1.77691	1.78441	1.70774	1.55757	1.35386	1.12150	0.88537	0.66611	0.47761	0.32636	0.21253	0.13190	0.07801	0.04397	0.02362	0.01209	0.00590	0.00274	0.00122	0.00051	0.00021	0.00008	0.00003	0.00001	0.00000	0.00000	0.00000	0.00000	0.00000	
0.00000	0.00000	0.00000	0.00000	0.00000	0.00000	0.00000	0.00001	0.00004	0.00011	0.00028	0.00071	0.00169	0.00385	0.00834	0.01725	0.03398	0.06378	0.11411	0.19457	0.31616	0.48960	0.72256	1.01626	1.36218	1.74007	2.11834	2.45768	2.71741	2.86341	2.87548	2.75193	2.50995	2.18168	1.80724	1.42673	1.07341	0.76964	0.52591	0.34248	0.21255	0.12571	0.07086	0.03806	0.01949	0.00951	0.00442	0.00196	0.00083	0.00033	0.00013	0.00005	0.00002	0.00001	0.00000	0.00000	0.00000	0.00000	
0.00000	0.00000	0.00000	0.00000	0.00000	0.00000	0.00001	0.00002	0.00006	0.00017	0.00045	0.00112	0.00268	0.00610	0.01322	0.02733	0.05383	0.10105	0.18079	0.30826	0.50090	0.77568	1.14476	1.61008	2.15813	2.75682	3.35613	3.89375	4.30523	4.53654	4.55567	4.35993	3.97655	3.45647	2.86324	2.26039	1.70062	1.21936	0.83321	0.54260	0.33674	0.19917	0.11226	0.06031	0.03087	0.01506	0.00700	0.00310	0.00131	0.00053	0.00020	0.00007	0.00003	0.00001	0.00000	0.00000	0.00000	0.00000	
0.00000	0.00000	0.00000	0.00000	0.00000	0.00000	0.00001	0.00003	0.00010	0.00027	0.00070	0.00175	0.00417	0.00949	0.02059	0.04256	0.08385	0.15740	0.28161	0.48016	0.78022	1.20823	1.78312	2.50791	3.36158	4.29412	5.22763	6.06504	6.70599	7.06628	7.09609	6.79119	6.19402	5.38392	4.45989	3.52086	2.64895	1.89932	1.29784	0.84517	0.52452	0.31023	0.17487	0.09394	0.04809	0.02346	0.01091	0.00483	0.00204	0.00082	0.00032	0.00012	0.00004	0.00001	0.00000	0.00000	0.00000	0.00000	
0.00000	0.00000	0.00000	0.00000	0.00000	0.00001	0.00002	0.00005	0.00015	0.00041	0.00107	0.00268	0.00639	0.01454	0.03154	0.06518	0.12840	0.24105	0.43126	0.73532	1.19483	1.85029	2.73069	3.84064	5.14795	6.57605	8.00563	9.28805	10.26960	10.82136	10.86700	10.40008	9.48557	8.24498	6.82991	5.39188	4.05662	2.90863	1.98752	1.29430	0.80326	0.47509	0.26779	0.14385	0.07364	0.03593	0.01671	0.00740	0.00313	0.00126	0.00048	0.00018	0.00006	0.00002	0.00001	0.00000	0.00000	0.00000	
0.00000	0.00000	0.00000	0.00000	0.00000	0.00001	0.00003	0.00008	0.00022	0.00061	0.00161	0.00403	0.00962	0.02189	0.04748	0.09814	0.19332	0.36293	0.64931	1.10710	1.79896	2.78583	4.11138	5.78254	7.75086	9.90103	12.05343	13.98428	15.46211	16.29286	16.36157	15.65857	14.28166	12.41380	10.28325	8.11812	6.10773	4.37929	2.99245	1.94872	1.20941	0.71531	0.40319	0.21659	0.11088	0.05410	0.02515	0.01115	0.00471	0.00189	0.00073	0.00027	0.00009	0.00003	0.00001	0.00000	0.00000	0.00000	
0.00000	0.00000	0.00000	0.00000	0.00000	0.00001	0.00004	0.00011	0.00033	0.00091	0.00238	0.00596	0.01424	0.03241	0.07028	0.14527	0.28617	0.53723	0.96116	1.63881	2.66294	4.12377	6.08593	8.55970	11.47334	14.65617	17.84228	20.70045	22.88805	24.11776	24.21948	23.17886	21.14067	18.37574	15.22195	12.01698	9.04107	6.48251	4.42962	2.88463	1.79024	1.05885	0.59683	0.32061	0.16413	0.08008	0.03723	0.01650	0.00697	0.00280	0.00108	0.00039	0.00014	0.00005	0.00001	0.00000	0.00000	0.00000	
0.00000	0.00000	0.00000	0.00000	0.00001	0.00002	0.00005	0.00016	0.00048	0.00132	0.00346	0.00868	0.02072	0.04716	0.10229	0.21142	0.41648	0.78185	1.39881	2.38503	3.87549	6.00149	8.85710	12.45728	16.69760	21.32970	25.96658	30.12619	33.30988	35.09954	35.24757	33.73311	30.76685	26.74294	22.15311	17.48878	13.15782	9.43426	6.44661	4.19811	2.60541	1.54098	0.86860	0.46659	0.23887	0.11654	0.05419	0.02401	0.01014	0.00408	0.00157	0.00057	0.00020	0.00007	0.00002	0.00001	0.00000	0.00000	
0.00000	0.00000	0.00000	0.00000	0.00001	0.00002	0.00008	0.00024	0.00068	0.00188	0.00496	0.01242	0.02965	0.06748	0.14635	0.30251	0.59591	1.11870	2.00146	3.41257	5.54517	8.58713	12.67302	17.82428	23.89148	30.51923	37.15383	43.10554	47.66087	50.22157	50.43338	48.26644	44.02222	38.26467	31.69739	25.02352	18.82664	13.49885	9.22401	6.00679	3.72791	2.20489	1.24282	0.66762	0.34178	0.16675	0.07753	0.03436	0.01451	0.00584	0.00224	0.00082	0.00029	0.00009	0.00003	0.00001	0.00000	0.00000	
0.00000	0.00000	0.00000	0.00000	0.00001	0.00003	0.00011	0.00033	0.00096	0.00265	0.00697	0.01747	0.04171	0.09493	0.20588	0.42556	0.83829	1.57372	2.81554	4.80060	7.80061	12.07985	17.82763	25.07410	33.60907	42.93259	52.26573	60.63823	67.04639	70.64862	70.94658	67.89826	61.92775	53.82839	44.58994	35.20156	26.48416	18.98935	12.97578	8.44999	5.24419	3.10170	1.74832	0.93916	0.48080	0.23457	0.10907	0.04833	0.02041	0.00821	0.00315	0.00115	0.00040	0.00013	0.00004	0.00001	0.00000	0.00000	
0.00000	0.00000	0.00000	0.00000	0.00001	0.00005	0.00015	0.00046	0.00133	0.00367	0.00964	0.02416	0.05769	0.13129	0.28475	0.58856	1.15939	2.17653	3.89403	6.63947	10.78864	16.70703	24.65651	34.67874	46.48303	59.37792	72.28613	83.86571	92.72852	97.71059	98.12268	93.90671	85.64919	74.44737	61.67013	48.68552	36.62893	26.26323	17.94615	11.68676	7.25298	4.28981	2.41801	1.29891	0.66497	0.32443	0.15085	0.06684	0.02823	0.01136	0.00436	0.00159	0.00055	0.00018	0.00006	0.00002	0.00001	0.00000	
0.00000	0.00000	0.00000	0.00001	0.00002	0.00006	0.00021	0.00062	0.00181	0.00499	0.01311	0.03285	0.07844	0.17852	0.38719	0.80031	1.57649	2.95956	5.29495	9.02809	14.66996	22.71757	33.52695	47.15479	63.20580	80.73976	98.29184	114.03730	126.08859	132.86302	133.42337	127.69065	116.46240	101.23060	83.85662	66.20066	49.80658	35.71170	24.40247	15.89119	9.86231	5.83311	3.28792	1.76621	0.90419	0.44114	0.20512	0.09089	0.03838	0.01545	0.00592	0.00217	0.00075	0.00025	0.00008	0.00002	0.00001	0.00000	
0.00000	0.00000	0.00000	0.00001	0.00003	0.00009	0.00027	0.00083	0.00242	0.00667	0.01752	0.04391	0.10487	0.23866	0.51762	1.06990	2.10756	3.95653	7.07862	12.06932	19.61174	30.37028	44.82095	63.03950	84.49751	107.93803	131.40276	152.45228	168.56321	177.61970	178.36880	170.70494	155.69431	135.33148	112.10483	88.50123	66.58459	47.74166	32.62277	21.24435	13.18456	7.79807	4.39550	2.36118	1.20878	0.58975	0.27421	0.12151	0.05131	0.02065	0.00792	0.00290	0.00101	0.00033	0.00011	0.00003	0.00001	0.00000	
0.00000	0.00000	0.00000	0.00001	0.00003	0.00011	0.00036	0.00110	0.00318	0.00876	0.02303	0.05772	0.13783	0.31368	0.68033	1.40623	2.77007	5.20027	9.30380	15.86332	25.77671	39.91723	58.91049	82.85607	111.05943	141.86851	172.70941	200.37588	221.55132	233.45472	234.43930	224.36630	204.63705	177.87313	147.34516	116.32172	87.51555	62.74933	42.87779	27.92255	17.32915	10.24941	5.77723	3.10342	1.58877	0.77514	0.36041	0.15970	0.06744	0.02714	0.01041	0.00381	0.00133	0.00044	0.00014	0.00004	0.00001	0.00000	
0.00000	0.00000	0.00000	0.00001	0.00004	0.00015	0.00047	0.00142	0.00410	0.01132	0.02976	0.07458	0.17811	0.40534	0.87913	1.81715	3.57954	6.71988	12.02254	20.49889	33.30916	51.58179	76.12524	107.06817	143.51308	183.32515	223.17835	258.92949	283.34360	293.82722	294.63445	285.95801	264.43585	229.85101	190.40219	150.31312	113.08924	81.08586	55.40748	36.08204	22.39305	13.24448	7.46545	4.01030	2.05303	1.00165	0.46573	0.20637	0.08715	0.03507	0.01345	0.00492	0.00171	0.00057	0.00018	0.00005	0.00002	0.00000	
0.00000	0.00000	0.00000	0.00002	0.00006	0.00019	0.00059	0.00180	0.00521	0.01438	0.03782	0.09476	0.22628	0.51497	1.11690	2.30862	4.54765	8.53734	15.27415	26.04299	42.31791	65.53254	96.71398	136.02569	182.32746	232.90705	281.29729	309.63930	326.39126	334.61404	335.26250	328.40310	313.26956	287.41592	241.89813	190.96663	143.67522	103.01625	70.39292	45.84075	28.44945	16.82657	9.48455	5.09492	2.60830	1.27255	0.59169	0.26219	0.11072	0.04456	0.01709	0.00625	0.00218	0.00072	0.00023	0.00007	0.00002	0.00001	
0.00000	0.00000	0.00001	0.00002	0.00007	0.00023	0.00074	0.00225	0.00651	0.01796	0.04723	0.11836	0.28264	0.64323	1.39509	2.88361	5.68032	10.66369	19.07840	32.52939	52.85783	81.85442	120.80207	169.90496	227.73889	286.65056	322.08184	345.11734	359.54326	366.76323	367.33588	361.30232	348.20623	326.84092	294.12760	238.52977	179.45972	128.67401	87.92535	57.25809	35.53522	21.01748	11.84682	6.36388	3.25793	1.58950	0.73906	0.32749	0.13830	0.05566	0.02135	0.00780	0.00272	0.00090	0.00029	0.00009	0.00002	0.00001	
0.00000	0.00000	0.00001	0.00002	0.00009	0.00029	0.00091	0.00276	0.00800	0.02206	0.05800	0.14534	0.34709	0.78990	1.71321	3.54117	6.97561	13.09535	23.42889	39.94713	64.91110	100.51984	148.34879	208.64871	278.31087	323.49895	353.37507	373.84270	386.90971	393.50613	394.03078	388.51364	376.62674	357.55535	329.55890	288.04036	220.38226	158.01579	107.97513	70.31476	43.63838	25.81013	14.54827	7.81505	4.00084	1.95196	0.90759	0.40217	0.16983	0.06835	0.02622	0.00958	0.00334	0.00111	0.00035	0.00011	0.00003	0.00001	
0.00000	0.00000	0.00001	0.00003	0.00010	0.00034	0.00110	0.00333	0.00965	0.02664	0.07003	0.17548	0.41905	0.95369	2.06845	4.27544	8.42202	15.81071	28.28693	48.23028	78.37059	121.36290	179.10932	251.91259	314.13305	352.18825	379.09271	397.92227	410.06627	416.22726	416.71809	411.56255	400.50244	382.91668	357.57470	321.85171	266.07913	190.78079	130.36407	84.89471	52.68692	31.16193	17.56489	9.43552	4.83043	2.35670	1.09578	0.48556	0.20505	0.08252	0.03165	0.01157	0.00403	0.00134	0.00042	0.00013	0.00004	0.00001	
0.00000	0.00000	0.00001	0.00003	0.00012	0.00041	0.00130	0.00396	0.01146	0.03162	0.08313	0.20830	0.49743	1.13205	2.45529	5.07504	9.99712	18.76766	33.57720	57.25039	93.02760	144.06041	212.60667	292.12025	341.42125	375.77487	400.72467	418.39770	429.86822	435.70640	436.17202	431.28499	420.83041	404.30150	380.73599	348.26638	302.40085	226.46096	154.74500	100.77188	62.54052	36.98990	20.84991	11.20017	5.73383	2.79746	1.30072	0.57637	0.24340	0.09796	0.03757	0.01373	0.00478	0.00159	0.00050	0.00015	0.00004	0.00001	
0.00000	0.00000	0.00001	0.00004	0.00014	0.00048	0.00152	0.00462	0.01337	0.03690	0.09701	0.24309	0.58051	1.32114	2.86541	5.92274	11.66697	21.90248	39.18571	66.81311	108.56631	168.12329	248.11906	319.65757	363.59003	395.52783	419.07916	435.89142	446.85036	452.44081	452.88702	448.20627	438.21274	422.47401	400.19111	369.89603	328.51208	264.28747	180.59256	117.60413	72.98687	43.16844	24.33254	13.07097	6.69157	3.26473	1.51798	0.67264	0.28405	0.11432	0.04385	0.01603	0.00558	0.00185	0.00059	0.00018	0.00005	0.00001	
0.00000	0.00000	0.00001	0.00005	0.00016	0.00055	0.00174	0.00530	0.01534	0.04234	0.11131	0.27892	0.66607	1.51585	3.28772	6.79564	13.38647	25.13049	44.96095	76.66011	124.56695	192.90151	282.15801	341.26926	381.93336	412.15513	434.66098	450.81333	461.37464	466.77115	467.20212	462.68298	453.04841	437.91731	416.59868	387.86731	349.34403	294.81834	207.20852	134.93678	83.74377	49.53066	27.91870	14.99739	7.67778	3.74589	1.74170	0.77178	0.32592	0.13117	0.05031	0.01839	0.00641	0.00213	0.00067	0.00020	0.00006	0.00002	
0.00000	0.00000	0.00001	0.00005	0.00018	0.00062	0.00197	0.00598	0.01731	0.04776	0.12557	0.31464	0.75137	1.70997	3.70874	7.66589	15.10074	28.34871	50.71866	86.47722	140.51902	217.60452	305.39953	358.72966	397.15384	426.10472	447.81071	463.44939	473.69816	478.94144	479.36035	474.96896	465.61688	450.95976	430.38167	402.81708	366.29503	316.32726	233.74369	152.21681	94.46801	55.87356	31.49397	16.91796	8.66100	4.22559	1.96474	0.87061	0.36766	0.14796	0.05675	0.02074	0.00723	0.00240	0.00076	0.00023	0.00007	0.00002	
0.00000	0.00000	0.00002	0.00006	0.00020	0.00068	0.00218	0.00663	0.01920	0.05297	0.13926	0.34896	0.83332	1.89647	4.11323	8.50197	16.74770	31.44055	56.25027	95.90882	155.84466	241.33745	323.00498	372.87757	409.68865	437.68021	458.76892	474.00627	484.00910	489.13132	489.54070	485.25027	476.12067	461.83445	441.82939	415.14993	380.08599	333.03623	259.23683	168.81826	104.77112	61.96739	34.92884	18.76310	9.60560	4.68645	2.17903	0.96556	0.40775	0.16410	0.06294	0.02301	0.00801	0.00266	0.00084	0.00025	0.00007	0.00002	
0.00000	0.00000	0.00002	0.00006	0.00022	0.00075	0.00238	0.00723	0.02093	0.05775	0.15185	0.38050	0.90864	2.06789	4.48502	9.27045	18.26150	34.28242	61.33466	104.57789	169.93125	263.15163	336.64408	384.20136	419.82953	447.09548	467.70993	482.63615	492.44731	497.47492	497.87684	493.66534	484.70925	470.71089	451.14694	425.13929	391.15255	346.11097	280.63767	184.07753	114.24124	67.56854	38.08602	20.45908	10.47384	5.11005	2.37599	1.05284	0.44461	0.17894	0.06863	0.02509	0.00874	0.00290	0.00092	0.00028	0.00008	0.00002	
0.00000	0.00000	0.00002	0.00007	0.00024	0.00080	0.00255	0.00775	0.02244	0.06191	0.16279	0.40790	0.97408	2.21684	4.80807	9.93818	19.57683	36.75169	65.75243	112.11036	182.17095	280.20710	347.05408	393.01217	427.77807	454.50379	474.76119	489.45164	499.11697	504.07246	504.46868	500.31737	491.49335	477.71332	458.48193	432.97568	399.77801	356.14430	294.68615	197.33614	122.46974	72.43532	40.82925	21.93269	11.22824	5.47812	2.54712	1.12867	0.47663	0.19182	0.07357	0.02689	0.00937	0.00311	0.00098	0.00030	0.00009	0.00002	
0.00000	0.00001	0.00002	0.00007	0.00025	0.00084	0.00269	0.00817	0.02365	0.06525	0.17157	0.42992	1.02666	2.33649	5.06758	10.47459	20.63349	38.73537	69.30144	118.16154	192.00367	291.00960	354.64552	399.51564	433.67465	460.01462	480.01504	494.53501	504.09459	508.99769	509.38977	505.28219	496.55397	482.93191	463.94010	438.79249	406.15204	363.48475	304.41602	207.98740	129.08007	76.34503	43.03302	23.11651	11.83429	5.77380	2.68460	1.18959	0.50236	0.20218	0.07754	0.02834	0.00987	0.00328	0.00104	0.00031	0.00009	0.00002	
0.00000	0.00001	0.00002	0.00007	0.00026	0.00087	0.00279	0.00847	0.02451	0.06762	0.17779	0.44550	1.06385	2.42114	5.25117	10.85405	21.38098	40.13864	71.81202	122.44219	198.95940	297.82741	359.66341	403.84695	437.61477	463.70372	483.53605	497.94414	507.43420	512.30281	512.69217	508.61337	499.94816	486.42980	467.59482	442.68085	410.40035	368.34624	310.69026	215.52217	133.75626	79.11079	44.59198	23.95396	12.26301	5.98297	2.78186	1.23269	0.52056	0.20950	0.08035	0.02937	0.01023	0.00340	0.00107	0.00032	0.00009	0.00003	
0.00000	0.00001	0.00002	0.00008	0.00027	0.00089	0.00284	0.00863	0.02497	0.06889	0.18113	0.45386	1.08383	2.46660	5.34977	11.05787	21.78247	40.89235	73.16049	124.74138	202.69541	301.26996	362.25031	406.08938	439.65857	465.61937	485.36561	499.71630	509.17064	514.02154	514.40950	510.34549	501.71264	488.24751	469.49287	444.69826	412.60074	370.85523	313.88528	219.56920	136.26790	80.59631	45.42932	24.40376	12.49328	6.09531	2.83410	1.25584	0.53034	0.21344	0.08186	0.02992	0.01042	0.00346	0.00109	0.00033	0.00009	0.00003	
0.00000	0.00001	0.00002	0.00008	0.00027	0.00089	0.00284	0.00864	0.02501	0.06900	0.18142	0.45460	1.08559	2.47060	5.35845	11.07581	21.81780	40.95869	73.27918	124.94375	203.02424	301.56638	362.47457	406.28407	439.83614	465.78587	485.52467	499.87039	509.32164	514.17100	514.55884	510.49611	501.86607	488.40554	469.65785	444.87356	412.79182	371.07281	314.16111	219.92540	136.48897	80.72706	45.50302	24.44335	12.51355	6.10520	2.83870	1.25787	0.53120	0.21378	0.08200	0.02997	0.01044	0.00347	0.00110	0.00033	0.00010	0.00003	
0.00000	0.00001	0.00002	0.00007	0.00026	0.00088	0.00280	0.00851	0.02463	0.06795	0.17866	0.44767	1.06904	2.43294	5.27677	10.90697	21.48521	40.33431	72.16209	123.03907	199.92928	298.73471	360.34197	404.43454	438.15006	464.20532	484.01503	498.40804	507.88872	512.75268	513.14168	509.06675	500.41004	486.90566	468.09179	443.20920	410.97686	369.00419	311.53076	216.57280	134.40829	79.49644	44.80936	24.07073	12.32279	6.01213	2.79542	1.23870	0.52310	0.21052	0.08075	0.02951	0.01028	0.00341	0.00108	0.00033	0.00009	0.00003	
0.00000	0.00001	0.00002	0.00007	0.00025	0.00085	0.00271	0.00824	0.02384	0.06579	0.17297	0.43342	1.03502	2.35551	5.10882	10.55983	20.80140	39.05059	69.86540	119.12312	193.56616	292.59197	355.79662	400.50704	434.57561	460.85771	480.81945	495.31369	504.85730	509.75248	510.14393	506.04296	497.32922	483.73100	464.77528	439.68151	407.12422	364.59934	305.86504	209.67997	130.13050	76.96632	43.38322	23.30463	11.93060	5.82078	2.70645	1.19927	0.50645	0.20382	0.07818	0.02857	0.00995	0.00330	0.00105	0.00032	0.00009	0.00002	
0.00000	0.00000	0.00002	0.00007	0.00024	0.00081	0.00258	0.00784	0.02270	0.06262	0.16464	0.41256	0.98520	2.24213	4.86293	10.05159	19.80023	37.17108	66.50277	113.38971	184.24979	282.63143	348.71167	394.42689	429.05870	455.69960	475.90062	490.55373	500.19592	505.13995	505.53526	501.39352	492.59046	478.84503	459.66617	434.23875	401.16406	357.74551	296.83938	199.58804	123.86730	73.26192	41.29517	22.18297	11.35637	5.54063	2.57619	1.14155	0.48207	0.19401	0.07441	0.02720	0.00947	0.00315	0.00100	0.00030	0.00009	0.00002	
0.00000	0.00000	0.00002	0.00006	0.00023	0.00076	0.00242	0.00734	0.02124	0.05860	0.15408	0.38609	0.92199	2.09828	4.55093	9.40669	18.52987	34.78623	62.23602	106.11475	172.42852	267.01885	338.86504	386.06991	421.51117	448.66082	469.19868	484.07444	493.85442	498.86663	499.26733	495.06869	486.14083	472.18919	452.69653	426.79675	392.98078	348.24808	283.73067	186.78268	115.92011	68.56151	38.64572	20.75974	10.62776	5.18515	2.41090	1.06831	0.45114	0.18157	0.06964	0.02545	0.00887	0.00294	0.00093	0.00028	0.00008	0.00002	
0.00000	0.00000	0.00002	0.00006	0.00021	0.00070	0.00222	0.00675	0.01954	0.05392	0.14177	0.35523	0.84831	1.93059	4.18723	8.65492	17.04900	32.00619	57.26225	97.63429	158.64841	245.67928	325.88560	375.24596	411.80220	439.63899	460.62706	475.79858	485.76093	490.86320	491.27100	486.99722	477.90426	463.67892	443.76740	417.23108	382.39866	335.78984	263.90068	171.85542	106.65603	63.08222	35.55724	19.10067	9.77841	4.77076	2.21823	0.98294	0.41509	0.16706	0.06407	0.02342	0.00816	0.00271	0.00086	0.00026	0.00007	0.00002	
0.00000	0.00000	0.00001	0.00005	0.00019	0.00063	0.00201	0.00611	0.01768	0.04877	0.12824	0.32134	0.76737	1.74639	3.78772	7.82915	15.42233	28.95243	51.79879	88.31887	143.51156	222.23870	309.12094	361.66798	399.74361	428.49023	450.06574	465.61994	475.81707	481.03496	481.45187	477.08165	467.77627	453.19719	432.74012	405.36368	369.15558	319.83892	238.72157	155.45847	96.47983	57.06347	32.16468	17.27825	8.84544	4.31558	2.00659	0.88915	0.37549	0.15112	0.05796	0.02119	0.00738	0.00245	0.00078	0.00023	0.00007	0.00002	
0.00000	0.00000	0.00001	0.00005	0.00017	0.00056	0.00179	0.00543	0.01572	0.04338	0.11405	0.28579	0.68246	1.55316	3.36863	6.96290	13.71594	25.74902	46.06757	78.54693	127.63288	197.64934	287.19261	344.89010	385.06403	415.01400	437.35057	453.39481	463.89058	469.25500	469.68344	465.19104	455.61571	440.58428	419.42220	390.93976	352.85188	299.39073	212.30848	138.25794	85.80493	50.74974	28.60585	15.36651	7.86675	3.83809	1.78457	0.79077	0.33394	0.13440	0.05155	0.01884	0.00656	0.00218	0.00069	0.00021	0.00006	0.00002	
0.00000	0.00000	0.00001	0.00004	0.00015	0.00049	0.00156	0.00475	0.01375	0.03793	0.09972	0.24989	0.59673	1.35806	2.94547	6.08822	11.99295	22.51443	40.28056	68.67986	111.59963	172.82063	255.05147	324.16381	367.36044	398.92698	422.25563	438.92847	449.80379	455.35354	455.79655	451.14970	441.23163	425.62115	403.54326	373.58525	332.83832	271.57295	185.63829	120.88997	75.02611	44.37456	25.01238	13.43617	6.87853	3.35594	1.56039	0.69144	0.29199	0.11751	0.04507	0.01647	0.00574	0.00191	0.00060	0.00018	0.00005	0.00001	
0.00000	0.00000	0.00001	0.00004	0.00013	0.00042	0.00134	0.00408	0.01182	0.03261	0.08573	0.21482	0.51299	1.16746	2.53209	5.23378	10.30981	19.35467	34.62743	59.04106	95.93730	148.56630	219.25654	297.99407	345.99598	379.81498	404.46312	421.95271	433.31490	439.10081	439.56233	434.71882	424.36179	408.00104	384.71144	352.72004	307.90699	233.54416	159.58508	103.92380	64.49665	38.14686	21.50205	11.55049	5.91317	2.88496	1.34140	0.59440	0.25101	0.10102	0.03875	0.01416	0.00493	0.00164	0.00052	0.00016	0.00004	0.00001	
0.00000	0.00000	0.00001	0.00003	0.00011	0.00036	0.00114	0.00345	0.00999	0.02756	0.07246	0.18156	0.43356	0.98671	2.14007	4.42348	8.71365	16.35818	29.26641	49.90033	81.08430	125.56528	185.31127	260.63547	319.83750	357.03401	383.50699	402.08625	414.08591	420.17806	420.66352	415.56522	404.63472	387.27719	362.32555	327.34719	274.73901	197.38688	134.87814	87.83433	54.51129	32.24097	18.17310	9.76224	4.99769	2.43831	1.13372	0.50237	0.21215	0.08538	0.03275	0.01197	0.00417	0.00138	0.00044	0.00013	0.00004	0.00001	
0.00000	0.00000	0.00001	0.00003	0.00009	0.00030	0.00094	0.00287	0.00830	0.02290	0.06021	0.15087	0.36027	0.81991	1.77829	3.67568	7.24059	13.59280	24.31886	41.46457	67.37683	104.33821	153.98401	216.57450	286.21444	329.46505	358.65449	378.75775	391.62285	398.12476	398.64208	393.20337	381.49699	362.75478	335.36586	295.32741	228.75376	164.01821	112.07671	72.98575	45.29604	26.79056	15.10090	8.11191	4.15282	2.02611	0.94207	0.41745	0.17629	0.07095	0.02721	0.00995	0.00346	0.00115	0.00036	0.00011	0.00003	0.00001	
0.00000	0.00000	0.00001	0.00002	0.00007	0.00024	0.00077	0.00234	0.00678	0.01871	0.04919	0.12325	0.29432	0.66983	1.45278	3.00287	5.91524	11.10471	19.86743	33.87471	55.04386	85.23966	125.79806	176.93169	237.15744	294.63482	328.60135	351.03292	365.15017	372.23057	372.79252	366.87440	354.05199	333.22155	301.70787	248.39461	186.88161	133.99556	91.56166	59.62610	37.00484	21.88669	12.33676	6.62707	3.39267	1.65524	0.76963	0.34103	0.14402	0.05796	0.02223	0.00813	0.00283	0.00094	0.00030	0.00009	0.00003	0.00001	
0.00000	0.00000	0.00000	0.00002	0.00006	0.00019	0.00062	0.00188	0.00545	0.01503	0.03951	0.09899	0.23640	0.53801	1.16687	2.41190	4.75111	8.91928	15.95749	27.20811	44.21114	68.46436	101.04081	142.11126	190.48449	243.32693	290.27393	317.11276	333.28832	341.27177	341.90232	335.23937	320.60582	295.97052	252.72025	199.51016	150.10301	107.62502	73.54219	47.89159	29.72223	17.57936	9.90887	5.32285	2.72499	1.32949	0.61816	0.27392	0.11567	0.04655	0.01786	0.00653	0.00227	0.00075	0.00024	0.00007	0.00002	0.00001	
0.00000	0.00000	0.00000	0.00001	0.00005	0.00015	0.00049	0.00149	0.00430	0.01187	0.03120	0.07817	0.18668	0.42485	0.92145	1.90461	3.75182	7.04332	12.60120	21.48551	34.91235	54.06447	79.78921	112.22145	150.42049	192.14875	233.92011	271.31698	292.79901	302.60357	303.36577	295.22453	276.29378	240.91393	199.56640	157.54782	118.53232	84.98859	58.07429	37.81870	23.47085	13.88195	7.82477	4.20331	2.15185	1.04986	0.48815	0.21631	0.09135	0.03676	0.01410	0.00515	0.00180	0.00060	0.00019	0.00006	0.00002	0.00000	
0.00000	0.00000	0.00000	0.00001	0.00004	0.00012	0.00038	0.00115	0.00334	0.00921	0.02422	0.06069	0.14493	0.32984	0.71539	1.47869	2.91282	5.46826	9.78326	16.68083	27.10510	41.97434	61.94640	87.12600	116.78280	149.17961	181.60988	210.70213	232.96882	245.48566	246.52098	235.92887	215.18289	187.03971	154.93850	122.31629	92.02561	65.98307	45.08746	29.36152	18.22220	10.77761	6.07496	3.26335	1.67064	0.81509	0.37898	0.16793	0.07092	0.02854	0.01095	0.00400	0.00139	0.00046	0.00015	0.00004	0.00001	0.00000	
0.00000	0.00000	0.00000	0.00001	0.00003	0.00009	0.00029	0.00088	0.00255	0.00703	0.01849	0.04633	0.11063	0.25177	0.54606	1.12869	2.22336	4.17393	7.46758	12.73251	20.68938	32.03910	47.28382	66.50346	89.14056	113.86910	138.62320	160.82937	177.82558	187.37971	188.16997	180.08499	164.24954	142.76779	118.26487	93.36428	70.24334	50.36502	34.41536	22.41171	13.90904	8.22657	4.63703	2.49092	1.27521	0.62216	0.28928	0.12818	0.05413	0.02179	0.00836	0.00305	0.00106	0.00035	0.00011	0.00003	0.00001	0.00000	
0.00000	0.00000	0.00000	0.00001	0.00002	0.00007	0.00022	0.00066	0.00191	0.00528	0.01387	0.03477	0.08302	0.18894	0.40979	0.84702	1.66852	3.13232	5.60404	9.55510	15.52632	24.04370	35.48407	49.90743	66.89541	85.45291	104.02959	120.69418	133.44896	140.61884	141.21190	135.14454	123.26084	107.13989	88.75171	70.06509	52.71402	37.79636	25.82696	16.81884	10.43802	6.17362	3.47985	1.86931	0.95698	0.46690	0.21709	0.09620	0.04062	0.01635	0.00627	0.00229	0.00080	0.00027	0.00008	0.00003	0.00001	0.00000	
0.00000	0.00000	0.00000	0.00000	0.00002	0.00005	0.00016	0.00049	0.00141	0.00389	0.01024	0.02565	0.06125	0.13940	0.30235	0.62494	1.23105	2.31106	4.13472	7.04986	11.45550	17.73972	26.18056	36.82228	49.35621	63.04815	76.75424	89.04957	98.46020	103.75022	104.18778	99.71121	90.94328	79.04906	65.48204	51.69484	38.89301	27.88659	19.05543	12.40913	7.70129	4.55497	2.56747	1.37920	0.70607	0.34448	0.16017	0.07097	0.02997	0.01206	0.00463	0.00169	0.00059	0.00020	0.00006	0.00002	0.00001	0.00000	
0.00000	0.00000	0.00000	0.00000	0.00001	0.00004	0.00012	0.00035	0.00102	0.00282	0.00743	0.01861	0.04443	0.10112	0.21932	0.45333	0.89299	1.67642	2.99928	5.11388	8.30967	12.86817	18.99105	26.71042	35.80237	45.73434	55.67656	64.59544	71.42179	75.25910	75.57650	72.32926	65.96911	57.34119	47.49985	37.49879	28.21250	20.22858	13.82257	9.00143	5.58642	3.30412	1.86241	1.00045	0.51217	0.24988	0.11619	0.05148	0.02174	0.00875	0.00336	0.00123	0.00043	0.00014	0.00004	0.00001	0.00000	0.00000	
0.00000	0.00000	0.00000	0.00000	0.00001	0.00003	0.00008	0.00025	0.00073	0.00201	0.00530	0.01327	0.03169	0.07212	0.15641	0.32330	0.63686	1.19557	2.13900	3.64708	5.92623	9.17722	13.54389	19.04913	25.53327	32.61647	39.70699	46.06768	50.93605	53.67272	53.89908	51.58323	47.04735	40.89416	33.87558	26.74310	20.12038	14.42647	9.85787	6.41957	3.98408	2.35640	1.32822	0.71350	0.36527	0.17821	0.08286	0.03672	0.01551	0.00624	0.00239	0.00087	0.00030	0.00010	0.00003	0.00001	0.00000	0.00000	
0.00000	0.00000	0.00000	0.00000	0.00001	0.00002	0.00006	0.00018	0.00051	0.00141	0.00371	0.00930	0.02222	0.05057	0.10967	0.22669	0.44654	0.83829	1.49979	2.55720	4.15525	6.43473	9.49648	13.35655	17.90298	22.86947	27.84108	32.30096	35.71448	37.63333	37.79205	36.16826	32.98787	28.67348	23.75231	18.75128	14.10767	10.11531	6.91198	4.50117	2.79349	1.65222	0.93130	0.50028	0.25611	0.12495	0.05810	0.02574	0.01087	0.00438	0.00168	0.00061	0.00021	0.00007	0.00002	0.00001	0.00000	0.00000	
0.00000	0.00000	0.00000	0.00000	0.00000	0.00001	0.00004	0.00012	0.00035	0.00097	0.00256	0.00641	0.01532	0.03486	0.07560	0.15627	0.30783	0.57788	1.03389	1.76282	2.86445	4.43582	6.54646	9.20742	12.34153	15.76520	19.19241	22.26686	24.61999	25.94277	26.05218	24.93281	22.74039	19.76624	16.37380	12.92631	9.72521	6.97305	4.76481	3.10291	1.92571	1.13897	0.64200	0.34487	0.17655	0.08614	0.04005	0.01775	0.00749	0.00302	0.00116	0.00042	0.00015	0.00005	0.00002	0.00000	0.00000	0.00000	
0.00000	0.00000	0.00000	0.00000	0.00000	0.00001	0.00003	0.00008	0.00024	0.00066	0.00173	0.00435	0.01038	0.02362	0.05124	0.10591	0.20863	0.39166	0.70072	1.19475	1.94137	3.00637	4.43685	6.24031	8.36445	10.68483	13.00762	15.09132	16.68615	17.58265	17.65681	16.89816	15.41225	13.39652	11.09731	8.76078	6.59124	4.72597	3.22934	2.10299	1.30515	0.77193	0.43511	0.23373	0.11966	0.05838	0.02714	0.01203	0.00508	0.00204	0.00078	0.00029	0.00010	0.00003	0.00001	0.00000	0.00000	0.00000	
0.00000	0.00000	0.00000	0.00000	0.00000	0.00001	0.00002	0.00006	0.00016	0.00044	0.00116	0.00290	0.00692	0.01574	0.03414	0.07057	0.13902	0.26098	0.46691	0.79610	1.29361	2.00325	2.95643	4.15814	5.57352	7.11968	8.66743	10.05587	11.11857	11.71594	11.76535	11.25984	10.26972	8.92657	7.39452	5.83761	4.39197	3.14908	2.15182	1.40129	0.86966	0.51437	0.28993	0.15575	0.07973	0.03890	0.01809	0.00801	0.00338	0.00136	0.00052	0.00019	0.00007	0.00002	0.00001	0.00000	0.00000	0.00000	
0.00000	0.00000	0.00000	0.00000	0.00000	0.00000	0.00001	0.00004	0.00010	0.00029	0.00076	0.00190	0.00453	0.01031	0.02237	0.04623	0.09107	0.17097	0.30588	0.52154	0.84746	1.31236	1.93680	2.72406	3.65130	4.66420	5.67816	6.58775	7.28393	7.67528	7.70765	7.37648	6.72784	5.84793	4.84426	3.82430	2.87724	2.06301	1.40969	0.91801	0.56973	0.33697	0.18994	0.10203	0.05223	0.02548	0.01185	0.00525	0.00222	0.00089	0.00034	0.00013	0.00004	0.00001	0.00000	0.00000	0.00000	0.00000	
0.00000	0.00000	0.00000	0.00000	0.00000	0.00000	0.00001	0.00002	0.00007	0.00019	0.00049	0.00122	0.00292	0.00664	0.01441	0.02978	0.05866	0.11012	0.19701	0.33591	0.54583	0.84527	1.24746	1.75452	2.35174	3.00413	3.65721	4.24306	4.69146	4.94352	4.96437	4.75106	4.33329	3.76655	3.12010	2.46317	1.85318	1.32875	0.90796	0.59127	0.36695	0.21704	0.12234	0.06572	0.03364	0.01641	0.00763	0.00338	0.00143	0.00057	0.00022	0.00008	0.00003	0.00001	0.00000	0.00000	0.00000	0.00000	
0.00000	0.00000	0.00000	0.00000	0.00000	0.00000	0.00000	0.00001	0.00004	0.00012	0.00031	0.00077	0.00185	0.00421	0.00912	0.01886	0.03714	0.06973	0.12476	0.21271	0.34564	0.53525	0.78994	1.11103	1.48921	1.90233	2.31588	2.68686	2.97080	3.13042	3.14362	3.00855	2.74400	2.38512	1.97577	1.55977	1.17350	0.84141	0.57495	0.37442	0.23237	0.13744	0.07747	0.04161	0.02130	0.01039	0.00483	0.00214	0.00090	0.00036	0.00014	0.00005	0.00002	0.00001	0.00000	0.00000	0.00000	0.00000	
0.00000	0.00000	0.00000	0.00000	0.00000	0.00000	0.00000	0.00001	0.00003	0.00007	0.00019	0.00048	0.00115	0.00262	0.00568	0.01174	0.02312	0.04341	0.07767	0.13243	0.21519	0.33324	0.49179	0.69170	0.92714	1.18434	1.44180	1.67277	1.84954	1.94892	1.95713	1.87304	1.70834	1.48491	1.23006	0.97107	0.73059	0.52384	0.35795	0.23310	0.14467	0.08556	0.04823	0.02591	0.01326	0.00647	0.00301	0.00133	0.00056	0.00023	0.00009	0.00003	0.00001	0.00000	0.00000	0.00000	0.00000	0.00000	
0.00000	0.00000	0.00000	0.00000	0.00000	0.00000	0.00000	0.00001	0.00002	0.00004	0.00012	0.00029	0.00070	0.00160	0.00348	0.00719	0.01415	0.02657	0.04754	0.08106	0.13171	0.20397	0.30102	0.42338	0.56749	0.72492	0.88251	1.02388	1.13209	1.19291	1.19794	1.14647	1.04566	0.90890	0.75291	0.59438	0.44719	0.32064	0.21910	0.14268	0.08855	0.05237	0.02952	0.01586	0.00812	0.00396	0.00184	0.00082	0.00034	0.00014	0.00005	0.00002	0.00001	0.00000	0.00000	0.00000	0.00000	0.00000	
0.00000	0.00000	0.00000	0.00000	0.00000	0.00000	0.00000	0.00000	0.00001	0.00003	0.00007	0.00018	0.00042	0.00096	0.00209	0.00432	0.00852	0.01599	0.02861	0.04878	0.07926	0.12275	0.18115	0.25478	0.34151	0.43625	0.53108	0.61616	0.68127	0.71787	0.72090	0.68993	0.62926	0.54696	0.45309	0.35769	0.26911	0.19295	0.13185	0.08586	0.05329	0.03152	0.01777	0.00954	0.00489	0.00238	0.00111	0.00049	0.00021	0.00008	0.00003	0.00001	0.00000	0.00000	0.00000	0.00000	0.00000	0.00000	
0.00000	0.00000	0.00000	0.00000	0.00000	0.00000	0.00000	0.00000	0.00001	0.00002	0.00004	0.00011	0.00025	0.00057	0.00124	0.00256	0.00504	0.00946	0.01693	0.02886	0.04690	0.07262	0.10718	0.15074	0.20205	0.25810	0.31421	0.36455	0.40307	0.42473	0.42652	0.40819	0.37230	0.32361	0.26807	0.21163	0.15922	0.11416	0.07801	0.05080	0.03153	0.01865	0.01051	0.00565	0.00289	0.00141	0.00066	0.00029	0.00012	0.00005	0.00002	0.00001	0.00000	0.00000	0.00000	0.00000	0.00000	0.00000	
0.00000	0.00000	0.00000	0.00000	0.00000	0.00000	0.00000	0.00000	0.00000	0.00001	0.00002	0.00006	0.00015	0.00033	0.00072	0.00149	0.00293	0.00550	0.00985	0.01679	0.02728	0.04224	0.06234	0.08768	0.11753	0.15014	0.18277	0.21205	0.23446	0.24706	0.24810	0.23744	0.21656	0.18824	0.15593	0.12310	0.09262	0.06641	0.04538	0.02955	0.01834	0.01085	0.00611	0.00328	0.00168	0.00082	0.00038	0.00017	0.00007	0.00003	0.00001	0.00000	0.00000	0.00000	0.00000	0.00000	0.00000	0.00000	
0.00000	0.00000	0.00000	0.00000	0.00000	0.00000	0.00000	0.00000	0.00000	0.00001	0.00001	0.00003	0.00008	0.00019	0.00041	0.00085	0.00168	0.00315	0.00563	0.00960	0.01560	0.02416	0.03565	0.05015	0.06722	0.08586	0.10453	0.12127	0.13409	0.14129	0.14189	0.13579	0.12385	0.10765	0.08918	0.07040	0.05297	0.03798	0.02595	0.01690	0.01049	0.00620	0.00350	0.00188	0.00096	0.00047	0.00022	0.00010	0.00004	0.00002	0.00001	0.00000	0.00000	0.00000	0.00000	0.00000	0.00000	0.00000	
0.00000	0.00000	0.00000	0.00000	0.00000	0.00000	0.00000	0.00000	0.00000	0.00000	0.00001	0.00002	0.00005	0.00011	0.00023	0.00048	0.00094	0.00177	0.00317	0.00540	0.00877	0.01358	0.02005	0.02820	0.03779	0.04828	0.05877	0.06819	0.07539	0.07944	0.07978	0.07635	0.06964	0.06053	0.05014	0.03958	0.02978	0.02135	0.01459	0.00950	0.00590	0.00349	0.00197	0.00106	0.00054	0.00026	0.00012	0.00005	0.00002	0.00001	0.00000	0.00000	0.00000	0.00000	0.00000	0.00000	0.00000	0.00000	
0.00000	0.00000	0.00000	0.00000	0.00000	0.00000	0.00000	0.00000	0.00000	0.00000	0.00000	0.00001	0.00003	0.00006	0.00013	0.00026	0.00052	0.00098	0.00175	0.00298	0.00485	0.00751	0.01108	0.01559	0.02089	0.02669	0.03249	0.03769	0.04168	0.04392	0.04410	0.04221	0.03849	0.03346	0.02772	0.02188	0.01646	0.01180	0.00807	0.00525	0.00326	0.00193	0.00109	0.00058	0.00030	0.00015	0.00007	0.00003	0.00001	0.00001	0.00000	0.00000	0.00000	0.00000	0.00000	0.00000	0.00000	0.00000	
0.00000	0.00000	0.00000	0.00000	0.00000	0.00000	0.00000	0.00000	0.00000	0.00000	0.00000	0.00001	0.00001	0.00003	0.00007	0.00014	0.00028	0.00053	0.00095	0.00162	0.00264	0.00408	0.00602	0.00847	0.01135	0.01450	0.01766	0.02049	0.02265	0.02387	0.02397	0.02294	0.02092	0.01818	0.01506	0.01189	0.00895	0.00642	0.00438	0.00285	0.00177	0.00105	0.00059	0.00032	0.00016	0.00008	0.00004	0.00002	0.00001	0.00000	0.00000	0.00000	0.00000	0.00000	0.00000	0.00000	0.00000	0.00000	
0.00000	0.00000	0.00000	0.00000	0.00000	0.00000	0.00000	0.00000	0.00000	0.00000	0.00000	0.00000	0.00001	0.00002	0.00004	0.00008	0.00015	0.00028	0.00051	0.00087	0.00141	0.00218	0.00322	0.00453	0.00607	0.00775	0.00943	0.01095	0.01210	0.01275	0.01281	0.01226	0.01118	0.00972	0.00805	0.00635	0.00478	0.00343	0.00234	0.00153	0.00095	0.00056	0.00032	0.00017	0.00009	0.00004	0.00002	0.00001	0.00000	0.00000	0.00000	0.00000	0.00000	0.00000	0.00000	0.00000	0.00000	0.00000	
0.00000	0.00000	0.00000	0.00000	0.00000	0.00000	0.00000	0.00000	0.00000	0.00000	0.00000	0.00000	0.00000	0.00001	0.00002	0.00004	0.00008	0.00015	0.00027	0.00046	0.00074	0.00115	0.00169	0.00238	0.00319	0.00407	0.00496	0.00575	0.00636	0.00670	0.00673	0.00644	0.00587	0.00510	0.00423	0.00334	0.00251	0.00180	0.00123	0.00080	0.00050	0.00029	0.00017	0.00009	0.00005	0.00002	0.00001	0.00000	0.00000	0.00000	0.00000	0.00000	0.00000	0.00000	0.00000	0.00000	0.00000	0.00000	
0.00000	0.00000	0.00000	0.00000	0.00000	0.00000	0.00000	0.00000	0.00000	0.00000	0.00000	0.00000	0.00000	0.00000	0.00001	0.00002	0.00004	0.00008	0.00014	0.00024	0.00038	0.00059	0.00087	0.00123	0.00165	0.00210	0.00256	0.00297	0.00328	0.00346	0.00347	0.00333	0.00303	0.00264	0.00218	0.00172	0.00130	0.00093	0.00064	0.00041	0.00026	0.00015	0.00009	0.00005	0.00002	0.00001	0.00001	0.00000	0.00000	0.00000	0.00000	0.00000	0.00000	0.00000	0.00000	0.00000	0.00000	0.00000	
0.00000	0.00000	0.00000	0.00000	0.00000	0.00000	0.00000	0.00000	0.00000	0.00000	0.00000	0.00000	0.00000	0.00000	0.00001	0.00001	0.00002	0.00004	0.00007	0.00012	0.00019	0.00030	0.00044	0.00062	0.00084	0.00107	0.00130	0.00151	0.00167	0.00176	0.00176	0.00169	0.00154	0.00134	0.00111	0.00088	0.00066	0.00047	0.00032	0.00021	0.00013	0.00008	0.00004	0.00002	0.00001	0.00001	0.00000	0.00000	0.00000	0.00000	0.00000	0.00000	0.00000	0.00000	0.00000	0.00000	0.00000	0.00000	
0.00000	0.00000	0.00000	0.00000	0.00000	0.00000	0.00000	0.00000	0.00000	0.00000	0.00000	0.00000	0.00000	0.00000	0.00000	0.00001	0.00001	0.00002	0.00003	0.00006	0.00010	0.00015	0.00022	0.00031	0.00042	0.00053	0.00065	0.00075	0.00083	0.00088	0.00088	0.00084	0.00077	0.00067	0.00055	0.00044	0.00033	0.00024	0.00016	0.00010	0.00007	0.00004	0.00002	0.00001	0.00001	0.00000	0.00000	0.00000	0.00000	0.00000	0.00000	0.00000	0.00000	0.00000	0.00000	0.00000	0.00000	0.00000	
0.00000	0.00000	0.00000	0.00000	0.00000	0.00000	0.00000	0.00000	0.00000	0.00000	0.00000	0.00000	0.00000	0.00000	0.00000	0.00000	0.00001	0.00001	0.00002	0.00003	0.00005	0.00007	0.00011	0.00015	0.00020	0.00026	0.00032	0.00037	0.00041	0.00043	0.00043	0.00041	0.00038	0.00033	0.00027	0.00021	0.00016	0.00012	0.00008	0.00005	0.00003	0.00002	0.00001	0.00001	0.00000	0.00000	0.00000	0.00000	0.00000	0.00000	0.00000	0.00000	0.00000	0.00000	0.00000	0.00000	0.00000	0.00000	
0.00000	0.00000	0.00000	0.00000	0.00000	0.00000	0.00000	0.00000	0.00000	0.00000	0.00000	0.00000	0.00000	0.00000	0.00000	0.00000	0.00000	0.00000	0.00001	0.00001	0.00002	0.00004	0.00005	0.00007	0.00010	0.00013	0.00015	0.00018	0.00020	0.00021	0.00021	0.00020	0.00018	0.00016	0.00013	0.00010	0.00008	0.00006	0.00004	0.00002	0.00002	0.00001	0.00001	0.00000	0.00000	0.00000	0.00000	0.00000	0.00000	0.00000	0.00000	0.00000	0.00000	0.00000	0.00000	0.00000	0.00000	0.00000	
0.00000	0.00000	0.00000	0.00000	0.00000	0.00000	0.00000	0.00000	0.00000	0.00000	0.00000	0.00000	0.00000	0.00000	0.00000	0.00000	0.00000	0.00000	0.00000	0.00001	0.00001	0.00002	0.00002	0.00003	0.00005	0.00006	0.00007	0.00008	0.00009	0.00010	0.00010	0.00009	0.00009	0.00008	0.00006	0.00005	0.00004	0.00003	0.00002	0.00001	0.00001	0.00000	0.00000	0.00000	0.00000	0.00000	0.00000	0.00000	0.00000	0.00000	0.00000	0.00000	0.00000	0.00000	0.00000	0.00000	0.00000	0.00000	
0.00000	0.00000	0.00000	0.00000	0.00000	0.00000	0.00000	0.00000	0.00000	0.00000	0.00000	0.00000	0.00000	0.00000	0.00000	0.00000	0.00000	0.00000	0.00000	0.00000	0.00001	0.00001	0.00001	0.00002	0.00002	0.00003	0.00003	0.00004	0.00004	0.00005	0.00005	0.00004	0.00004	0.00004	0.00003	0.00002	0.00002	0.00001	0.00001	0.00001	0.00000	0.00000	0.00000	0.00000	0.00000	0.00000	0.00000	0.00000	0.00000	0.00000	0.00000	0.00000	0.00000	0.00000	0.00000	0.00000	0.00000	0.00000	
0.00000	0.00000	0.00000	0.00000	0.00000	0.00000	0.00000	0.00000	0.00000	0.00000	0.00000	0.00000	0.00000	0.00000	0.00000	0.00000	0.00000	0.00000	0.00000	0.00000	0.00000	0.00000	0.00001	0.00001	0.00001	0.00001	0.00002	0.00002	0.00002	0.00002	0.00002	0.00002	0.00002	0.00002	0.00001	0.00001	0.00001	0.00001	0.00000	0.00000	0.00000	0.00000	0.00000	0.00000	0.00000	0.00000	0.00000	0.00000	0.00000	0.00000	0.00000	0.00000	0.00000	0.00000	0.00000	0.00000	0.00000	0.00000	
0.00000	0.00000	0.00000	0.00000	0.00000	0.00000	0.00000	0.00000	0.00000	0.00000	0.00000	0.00000	0.00000	0.00000	0.00000	0.00000	0.00000	0.00000	0.00000	0.00000	0.00000	0.00000	0.00000	0.00000	0.00000	0.00001	0.00001	0.00001	0.00001	0.00001	0.00001	0.00001	0.00001	0.00001	0.00001	0.00000	0.00000	0.00000	0.00000	0.00000	0.00000	0.00000	0.00000	0.00000	0.00000	0.00000	0.00000	0.00000	0.00000	0.00000	0.00000	0.00000	0.00000	0.00000	0.00000	0.00000	0.00000	0.00000	
0.00000	0.00000	0.00000	0.00000	0.00000	0.00000	0.00000	0.00000	0.00000	0.00000	0.00000	0.00000	0.00000	0.00000	0.00000	0.00000	0.00000	0.00000	0.00000	0.00000	0.00000	0.00000	0.00000	0.00000	0.00000	0.00000	0.00000	0.00000	0.00000	0.00000	0.00000	0.00000	0.00000	0.00000	0.00000	0.00000	0.00000	0.00000	0.00000	0.00000	0.00000	0.00000	0.00000	0.00000	0.00000	0.00000	0.00000	0.00000	0.00000	0.00000	0.00000	0.00000	0.00000	0.00000	0.00000	0.00000	0.00000	0.00000	
0.00000	0.00000	0.00000	0.00000	0.00000	0.00000	0.00000	0.00000	0.00000	0.00000	0.00000	0.00000	0.00000	0.00000	0.00000	0.00000	0.00000	0.00000	0.00000	0.00000	0.00000	0.00000	0.00000	0.00000	0.00000	0.00000	0.00000	0.00000	0.00000	0.00000	0.00000	0.00000	0.00000	0.00000	0.00000	0.00000	0.00000	0.00000	0.00000	0.00000	0.00000	0.00000	0.00000	0.00000	0.00000	0.00000	0.00000	0.00000	0.00000	0.00000	0.00000	0.00000	0.00000	0.00000	0.00000	0.00000	0.00000	0.00000	
