-1.65378	-1.65378	-1.65378	-1.65378	-1.65378	-1.65378	-1.65378	-1.65378	-1.65377	-1.65377	-1.65376	-1.65375	-1.65373	-1.65371	-1.65367	-1.65361	-1.65352	-1.65341	-1.65326	-1.65307	-1.65283	-1.65256	-1.65224	-1.65190	-1.65155	-1.65121	-1.65090	-1.65065	-1.65046	-1.65037	-1.65037	-1.65046	-1.65065	-1.65090	-1.65121	-1.65155	-1.65190	-1.65224	-1.65256	-1.65283	-1.65307	-1.65326	-1.65341	-1.65352	-1.65361	-1.65367	-1.65371	-1.65373	-1.65375	-1.65376	-1.65377	-1.65377	-1.65378	-1.65378	-1.65378	-1.65378	-1.65378	-1.65378	
-1.65378	-1.65378	-1.65378	-1.65378	-1.65378	-1.65378	-1.65378	-1.65377	-1.65377	-1.65376	-1.65375	-1.65374	-1.65371	-1.65367	-1.65360	-1.65351	-1.65337	-1.65319	-1.65295	-1.65264	-1.65227	-1.65182	-1.65132	-1.65078	-1.65022	-1.64967	-1.64918	-1.64877	-1.64847	-1.64832	-1.64832	-1.64847	-1.64876	-1.64918	-1.64967	-1.65022	-1.65078	-1.65132	-1.65182	-1.65226	-1.65264	-1.65295	-1.65319	-1.65337	-1.65350	-1.65360	-1.65367	-1.65371	-1.65374	-1.65375	-1.65376	-1.65377	-1.65377	-1.65378	-1.65378	-1.65378	-1.65378	-1.65378	
-1.65378	-1.65378	-1.65378	-1.65378	-1.65378	-1.65378	-1.65377	-1.65377	-1.65377	-1.65376	-1.65374	-1.65371	-1.65367	-1.65360	-1.65350	-1.65335	-1.65313	-1.65284	-1.65246	-1.65198	-1.65138	-1.65068	-1.64988	-1.64902	-1.64813	-1.64727	-1.64648	-1.64583	-1.64536	-1.64512	-1.64512	-1.64536	-1.64583	-1.64648	-1.64727	-1.64813	-1.64902	-1.64988	-1.65068	-1.65138	-1.65197	-1.65246	-1.65284	-1.65313	-1.65334	-1.65350	-1.65360	-1.65367	-1.65371	-1.65374	-1.65376	-1.65377	-1.65377	-1.65377	-1.65378	-1.65378	-1.65378	-1.65378	
-1.65378	-1.65378	-1.65378	-1.65378	-1.65378	-1.65378	-1.65377	-1.65377	-1.65376	-1.65374	-1.65372	-1.65367	-1.65361	-1.65350	-1.65333	-1.65310	-1.65276	-1.65231	-1.65171	-1.65095	-1.65001	-1.64891	-1.64766	-1.64631	-1.64491	-1.64355	-1.64231	-1.64129	-1.64055	-1.64017	-1.64017	-1.64055	-1.64129	-1.64231	-1.64355	-1.64491	-1.64630	-1.64765	-1.64890	-1.65001	-1.65094	-1.65171	-1.65231	-1.65276	-1.65310	-1.65333	-1.65350	-1.65360	-1.65367	-1.65372	-1.65374	-1.65376	-1.65377	-1.65377	-1.65378	-1.65378	-1.65378	-1.65378	
-1.65378	-1.65378	-1.65378	-1.65378	-1.65378	-1.65377	-1.65377	-1.65376	-1.65375	-1.65373	-1.65368	-1.65362	-1.65351	-1.65334	-1.65309	-1.65272	-1.65220	-1.65149	-1.65056	-1.64937	-1.64791	-1.64620	-1.64425	-1.64215	-1.63998	-1.63786	-1.63593	-1.63434	-1.63319	-1.63260	-1.63260	-1.63319	-1.63433	-1.63593	-1.63785	-1.63997	-1.64214	-1.64425	-1.64619	-1.64791	-1.64937	-1.65055	-1.65149	-1.65220	-1.65272	-1.65309	-1.65334	-1.65351	-1.65362	-1.65368	-1.65372	-1.65375	-1.65376	-1.65377	-1.65377	-1.65378	-1.65378	-1.65378	
-1.65378	-1.65378	-1.65378	-1.65378	-1.65377	-1.65377	-1.65377	-1.65375	-1.65373	-1.65370	-1.65363	-1.65353	-1.65336	-1.65310	-1.65271	-1.65215	-1.65134	-1.65025	-1.64881	-1.64698	-1.64474	-1.64209	-1.63909	-1.63584	-1.63249	-1.62923	-1.62626	-1.62380	-1.62203	-1.62111	-1.62111	-1.62203	-1.62379	-1.62625	-1.62921	-1.63248	-1.63583	-1.63908	-1.64208	-1.64473	-1.64697	-1.64881	-1.65025	-1.65134	-1.65214	-1.65271	-1.65310	-1.65336	-1.65353	-1.65363	-1.65370	-1.65373	-1.65375	-1.65377	-1.65377	-1.65377	-1.65378	-1.65378	
-1.65378	-1.65378	-1.65378	-1.65378	-1.65377	-1.65377	-1.65376	-1.65374	-1.65371	-1.65365	-1.65356	-1.65340	-1.65314	-1.65275	-1.65215	-1.65128	-1.65006	-1.64839	-1.64619	-1.64339	-1.63996	-1.63592	-1.63133	-1.62637	-1.62125	-1.61626	-1.61173	-1.60797	-1.60527	-1.60387	-1.60386	-1.60526	-1.60795	-1.61171	-1.61624	-1.62123	-1.62635	-1.63132	-1.63590	-1.63995	-1.64338	-1.64618	-1.64838	-1.65005	-1.65128	-1.65215	-1.65275	-1.65314	-1.65340	-1.65356	-1.65365	-1.65371	-1.65374	-1.65376	-1.65377	-1.65377	-1.65378	-1.65378	
-1.65378	-1.65378	-1.65378	-1.65377	-1.65377	-1.65376	-1.65375	-1.65372	-1.65367	-1.65359	-1.65344	-1.65320	-1.65282	-1.65222	-1.65132	-1.65000	-1.64815	-1.64562	-1.64229	-1.63805	-1.63286	-1.62674	-1.61980	-1.61229	-1.60454	-1.59699	-1.59012	-1.58443	-1.58035	-1.57822	-1.57822	-1.58034	-1.58441	-1.59009	-1.59696	-1.60451	-1.61226	-1.61977	-1.62671	-1.63284	-1.63804	-1.64228	-1.64561	-1.64814	-1.65000	-1.65131	-1.65222	-1.65282	-1.65320	-1.65344	-1.65359	-1.65367	-1.65372	-1.65375	-1.65376	-1.65377	-1.65377	-1.65378	
-1.65378	-1.65378	-1.65378	-1.65377	-1.65377	-1.65376	-1.65373	-1.65369	-1.65362	-1.65349	-1.65328	-1.65292	-1.65234	-1.65144	-1.65009	-1.64812	-1.64534	-1.64154	-1.63655	-1.63020	-1.62241	-1.61322	-1.60282	-1.59155	-1.57993	-1.56860	-1.55830	-1.54976	-1.54365	-1.54045	-1.54045	-1.54363	-1.54973	-1.55826	-1.56856	-1.57988	-1.59151	-1.60278	-1.61318	-1.62237	-1.63017	-1.63653	-1.64153	-1.64532	-1.64811	-1.65008	-1.65144	-1.65234	-1.65291	-1.65328	-1.65349	-1.65362	-1.65369	-1.65373	-1.65376	-1.65377	-1.65377	-1.65378	
-1.65378	-1.65378	-1.65377	-1.65377	-1.65376	-1.65375	-1.65371	-1.65365	-1.65355	-1.65336	-1.65303	-1.65250	-1.65164	-1.65030	-1.64829	-1.64536	-1.64123	-1.63560	-1.62818	-1.61874	-1.60716	-1.59351	-1.57806	-1.56131	-1.54404	-1.52721	-1.51190	-1.49921	-1.49013	-1.48538	-1.48537	-1.49010	-1.49917	-1.51184	-1.52714	-1.54397	-1.56124	-1.57799	-1.59345	-1.60711	-1.61869	-1.62814	-1.63557	-1.64121	-1.64535	-1.64828	-1.65030	-1.65164	-1.65250	-1.65303	-1.65336	-1.65355	-1.65365	-1.65371	-1.65375	-1.65376	-1.65377	-1.65377	
-1.65378	-1.65378	-1.65377	-1.65377	-1.65375	-1.65373	-1.65368	-1.65360	-1.65344	-1.65316	-1.65268	-1.65189	-1.65063	-1.64866	-1.64570	-1.64139	-1.63531	-1.62701	-1.61609	-1.60219	-1.58515	-1.56505	-1.54230	-1.51765	-1.49222	-1.46744	-1.44490	-1.42622	-1.41285	-1.40586	-1.40585	-1.41281	-1.42616	-1.44482	-1.46735	-1.49212	-1.51755	-1.54220	-1.56497	-1.58508	-1.60213	-1.61604	-1.62698	-1.63528	-1.64137	-1.64569	-1.64865	-1.65062	-1.65189	-1.65268	-1.65316	-1.65344	-1.65360	-1.65368	-1.65373	-1.65375	-1.65377	-1.65377	
-1.65378	-1.65377	-1.65377	-1.65376	-1.65374	-1.65371	-1.65364	-1.65351	-1.65328	-1.65287	-1.65218	-1.65103	-1.64919	-1.64632	-1.64200	-1.63571	-1.62684	-1.61474	-1.59880	-1.57853	-1.55368	-1.52436	-1.49117	-1.45522	-1.41813	-1.38198	-1.34911	-1.32187	-1.30236	-1.29217	-1.29214	-1.30230	-1.32177	-1.34899	-1.38185	-1.41799	-1.45507	-1.49104	-1.52424	-1.55357	-1.57844	-1.59873	-1.61469	-1.62680	-1.63568	-1.64198	-1.64630	-1.64918	-1.65102	-1.65218	-1.65287	-1.65328	-1.65351	-1.65364	-1.65371	-1.65374	-1.65376	-1.65377	
-1.65378	-1.65377	-1.65377	-1.65375	-1.65373	-1.65368	-1.65358	-1.65340	-1.65306	-1.65247	-1.65147	-1.64981	-1.64714	-1.64300	-1.63676	-1.62767	-1.61485	-1.59737	-1.57433	-1.54503	-1.50912	-1.46676	-1.41880	-1.36683	-1.31324	-1.26100	-1.21350	-1.17413	-1.14593	-1.13120	-1.13118	-1.14585	-1.17399	-1.21332	-1.26080	-1.31303	-1.36662	-1.41860	-1.46658	-1.50896	-1.54490	-1.57423	-1.59729	-1.61479	-1.62763	-1.63673	-1.64298	-1.64713	-1.64980	-1.65146	-1.65247	-1.65306	-1.65339	-1.65358	-1.65368	-1.65373	-1.65375	-1.65377	
-1.65377	-1.65377	-1.65376	-1.65374	-1.65371	-1.65363	-1.65349	-1.65323	-1.65275	-1.65191	-1.65047	-1.64809	-1.64428	-1.63834	-1.62941	-1.61640	-1.59804	-1.57301	-1.54003	-1.49808	-1.44666	-1.38601	-1.31734	-1.24295	-1.16621	-1.09142	-1.02340	-0.96703	-0.92667	-0.90558	-0.90554	-0.92654	-0.96684	-1.02316	-1.09114	-1.16591	-1.24264	-1.31706	-1.38576	-1.44644	-1.49790	-1.53988	-1.57289	-1.59796	-1.61634	-1.62937	-1.63831	-1.64426	-1.64808	-1.65046	-1.65191	-1.65275	-1.65323	-1.65349	-1.65363	-1.65371	-1.65374	-1.65376	
-1.65377	-1.65377	-1.65376	-1.65373	-1.65368	-1.65357	-1.65337	-1.65300	-1.65232	-1.65113	-1.64909	-1.64571	-1.64030	-1.63188	-1.61922	-1.60075	-1.57471	-1.53921	-1.49242	-1.43292	-1.35998	-1.27395	-1.17654	-1.07101	-0.96216	-0.85607	-0.75959	-0.67962	-0.62236	-0.59245	-0.59239	-0.62219	-0.67935	-0.75923	-0.85567	-0.96173	-1.07058	-1.17613	-1.27359	-1.35967	-1.43266	-1.49221	-1.53904	-1.57459	-1.60067	-1.61916	-1.63184	-1.64027	-1.64570	-1.64908	-1.65112	-1.65232	-1.65300	-1.65337	-1.65357	-1.65368	-1.65373	-1.65376	
-1.65377	-1.65376	-1.65375	-1.65371	-1.65364	-1.65349	-1.65321	-1.65269	-1.65173	-1.65005	-1.64719	-1.64244	-1.63483	-1.62301	-1.60520	-1.57926	-1.54266	-1.49276	-1.42701	-1.34338	-1.24088	-1.11997	-0.98307	-0.83476	-0.68178	-0.53269	-0.39709	-0.28471	-0.20424	-0.16220	-0.16211	-0.20399	-0.28432	-0.39659	-0.53212	-0.68118	-0.83416	-0.98250	-1.11946	-1.24044	-1.34302	-1.42671	-1.49253	-1.54249	-1.57913	-1.60512	-1.62295	-1.63480	-1.64242	-1.64717	-1.65004	-1.65173	-1.65268	-1.65321	-1.65349	-1.65364	-1.65371	-1.65375	
-1.65377	-1.65376	-1.65373	-1.65369	-1.65358	-1.65338	-1.65299	-1.65226	-1.65093	-1.64859	-1.64460	-1.63800	-1.62740	-1.61093	-1.58615	-1.55001	-1.49906	-1.42958	-1.33802	-1.22159	-1.07886	-0.91051	-0.71988	-0.51338	-0.30038	-0.09277	0.09603	0.25251	0.36456	0.42309	0.42321	0.36490	0.25304	0.09672	-0.09198	-0.29954	-0.51254	-0.71909	-0.90979	-1.07824	-1.22107	-1.33761	-1.42926	-1.49883	-1.54985	-1.58603	-1.61085	-1.62735	-1.63796	-1.64458	-1.64858	-1.65092	-1.65225	-1.65299	-1.65338	-1.65358	-1.65368	-1.65373	
-1.65377	-1.65375	-1.65372	-1.65365	-1.65351	-1.65323	-1.65269	-1.65168	-1.64985	-1.64662	-1.64112	-1.63201	-1.61739	-1.59467	-1.56048	-1.51064	-1.44034	-1.34449	-1.21819	-1.05756	-0.86067	-0.62842	-0.36545	-0.08058	0.21326	0.49965	0.76012	0.97598	1.13055	1.21130	1.21146	1.13103	0.97672	0.76107	0.50075	0.21442	-0.07942	-0.36436	-0.62744	-0.85982	-1.05686	-1.21762	-1.34405	-1.44002	-1.51040	-1.56031	-1.59456	-1.61732	-1.63196	-1.64109	-1.64661	-1.64984	-1.65167	-1.65269	-1.65323	-1.65351	-1.65365	-1.65372	
-1.65376	-1.65374	-1.65370	-1.65360	-1.65341	-1.65303	-1.65229	-1.65091	-1.64841	-1.64400	-1.63647	-1.62402	-1.60405	-1.57300	-1.52626	-1.45814	-1.36206	-1.23105	-1.05843	-0.83890	-0.56979	-0.25236	0.10705	0.49641	0.89802	1.28945	1.64544	1.94046	2.15174	2.26209	2.26232	2.15238	1.94148	1.64674	1.29094	0.89960	0.49799	0.10854	-0.25102	-0.56862	-0.83793	-1.05765	-1.23045	-1.36162	-1.45782	-1.52604	-1.57285	-1.60395	-1.62396	-1.63644	-1.64398	-1.64839	-1.65090	-1.65229	-1.65303	-1.65341	-1.65360	-1.65370	
-1.65376	-1.65373	-1.65367	-1.65354	-1.65328	-1.65276	-1.65176	-1.64990	-1.64650	-1.64054	-1.63035	-1.61348	-1.58644	-1.54439	-1.48110	-1.38886	-1.25876	-1.08136	-0.84760	-0.55033	-0.18592	0.24391	0.73060	1.25784	1.80166	2.33170	2.81376	3.21326	3.49934	3.64878	3.64908	3.50022	3.21463	2.81552	2.33373	1.80380	1.25997	0.73262	0.24573	-0.18435	-0.54902	-0.84655	-1.08055	-1.25816	-1.38842	-1.48080	-1.54419	-1.58630	-1.61340	-1.63030	-1.64051	-1.64649	-1.64989	-1.65176	-1.65276	-1.65328	-1.65354	-1.65367	
-1.65375	-1.65371	-1.65363	-1.65346	-1.65311	-1.65242	-1.65108	-1.64857	-1.64402	-1.63601	-1.62234	-1.59972	-1.56343	-1.50703	-1.42212	-1.29836	-1.12383	-0.88582	-0.57222	-0.17340	0.31549	0.89215	1.54509	2.25243	2.98202	3.69313	4.33985	4.87582	5.25963	5.46012	5.46052	5.26080	4.87766	4.34222	3.69584	2.98490	2.25530	1.54780	0.89459	0.31761	-0.17164	-0.57081	-0.88473	-1.12302	-1.29778	-1.42171	-1.50675	-1.56325	-1.59961	-1.62227	-1.63597	-1.64400	-1.64856	-1.65107	-1.65241	-1.65311	-1.65346	-1.65363	
-1.65374	-1.65369	-1.65358	-1.65336	-1.65289	-1.65197	-1.65019	-1.64685	-1.64081	-1.63016	-1.61200	-1.58193	-1.53369	-1.45872	-1.34585	-1.18136	-0.94937	-0.63301	-0.21618	0.31393	0.96375	1.73024	2.59812	3.53831	4.50807	5.45327	6.31288	7.02529	7.53545	7.80193	7.80246	7.53700	7.02774	6.31603	5.45688	4.51190	3.54212	2.60172	1.73349	0.96656	0.31626	-0.21431	-0.63157	-0.94830	-1.18058	-1.34532	-1.45835	-1.53345	-1.58177	-1.61190	-1.63011	-1.64078	-1.64684	-1.65018	-1.65196	-1.65289	-1.65335	-1.65358	
-1.65373	-1.65366	-1.65352	-1.65322	-1.65261	-1.65139	-1.64905	-1.64466	-1.63670	-1.62268	-1.59875	-1.55916	-1.49563	-1.39690	-1.24827	-1.03165	-0.72615	-0.30954	0.23939	0.93749	1.79324	2.80262	3.94553	5.18367	6.46074	7.70546	8.83749	9.77565	10.44748	10.79841	10.79911	10.44952	9.77887	8.84163	7.71022	6.46578	5.18869	3.95027	2.80690	1.79694	0.94056	0.24185	-0.30764	-0.72474	-1.03063	-1.24756	-1.39643	-1.49532	-1.55896	-1.59863	-1.62261	-1.63666	-1.64464	-1.64904	-1.65139	-1.65261	-1.65322	-1.65352	
-1.65371	-1.65363	-1.65344	-1.65305	-1.65225	-1.65067	-1.64761	-1.64188	-1.63149	-1.61321	-1.58199	-1.53032	-1.44745	-1.31863	-1.12471	-0.84208	-0.44349	0.10008	0.81627	1.72709	2.84360	4.16056	5.65174	7.26715	8.93337	10.55738	12.03435	13.25839	14.13493	14.59280	14.59372	14.13761	13.26260	12.03976	10.56358	8.93994	7.27370	5.65792	4.16615	2.84843	1.73110	0.81948	0.10255	-0.44164	-0.84075	-1.12378	-1.31801	-1.44704	-1.53006	-1.58183	-1.61311	-1.63144	-1.64185	-1.64759	-1.65066	-1.65225	-1.65305	-1.65344	
-1.65369	-1.65358	-1.65334	-1.65284	-1.65181	-1.64976	-1.64580	-1.63840	-1.62497	-1.60133	-1.56098	-1.49419	-1.38706	-1.22055	-0.96988	-0.60453	-0.08930	0.61334	1.53914	2.71650	4.15977	5.86214	7.78970	9.87787	12.03170	14.13098	16.04019	17.62244	18.75551	19.34737	19.34855	18.75896	17.62788	16.04718	14.13900	12.04020	9.88633	7.79770	5.86935	4.16600	2.72169	1.54328	0.61654	-0.08691	-0.60282	-0.96868	-1.21974	-1.38653	-1.49386	-1.56077	-1.60121	-1.62490	-1.63836	-1.64578	-1.64974	-1.65180	-1.65284	-1.65334	
-1.65367	-1.65353	-1.65322	-1.65258	-1.65125	-1.64863	-1.64356	-1.63409	-1.61689	-1.58661	-1.53493	-1.44940	-1.31220	-1.09895	-0.77791	-0.31002	0.34985	1.24971	2.43537	3.94322	5.79160	7.97182	10.44044	13.11475	15.87315	18.56169	21.00681	23.03319	24.48430	25.24230	25.24382	24.48873	23.04016	21.01577	18.57197	15.88404	13.12559	10.45068	7.98106	5.79959	3.94986	2.44068	1.25381	0.35290	-0.30781	-0.77638	-1.09791	-1.31152	-1.44897	-1.53467	-1.58646	-1.61680	-1.63404	-1.64353	-1.64861	-1.65125	-1.65257	-1.65322	
-1.65364	-1.65346	-1.65307	-1.65225	-1.65058	-1.64724	-1.64082	-1.62879	-1.60697	-1.56855	-1.50298	-1.39445	-1.22036	-0.94978	-0.54243	0.05126	0.88853	2.03032	3.53475	5.44798	7.79330	10.55967	13.69199	17.08529	20.58529	23.99665	27.09914	29.67032	31.51156	32.47334	32.47527	31.51718	29.67916	27.11050	24.00968	20.59910	17.09904	13.70498	10.57140	7.80344	5.45641	3.54149	2.03552	0.89240	0.05405	-0.54049	-0.94847	-1.21950	-1.39391	-1.50265	-1.56836	-1.60685	-1.62873	-1.64078	-1.64722	-1.65057	-1.65225	-1.65307	
-1.65360	-1.65338	-1.65289	-1.65186	-1.64975	-1.64556	-1.63748	-1.62237	-1.59493	-1.54664	-1.46420	-1.32777	-1.10892	-0.76877	-0.25669	0.48965	1.54219	2.97756	4.86880	7.27396	10.22230	13.69995	17.63764	21.90341	26.30333	30.59180	34.49199	37.72426	40.03892	41.24799	41.25041	40.04598	37.73538	34.50628	30.60819	26.32069	21.92070	17.65398	13.71469	10.23505	7.28455	4.87728	2.98410	1.54707	0.49316	-0.25424	-0.76712	-1.10784	-1.32709	-1.46379	-1.54639	-1.59479	-1.62229	-1.63744	-1.64554	-1.64974	-1.65185	-1.65289	
-1.65356	-1.65328	-1.65267	-1.65139	-1.64876	-1.64354	-1.63348	-1.61466	-1.58049	-1.52034	-1.41767	-1.24774	-0.97517	-0.55151	0.08628	1.01584	2.32677	4.11451	6.47003	9.46564	13.13777	17.46915	22.37349	27.68647	33.16653	38.50778	43.36543	47.39119	50.27408	51.77996	51.78298	50.28287	47.40503	43.38322	38.52819	33.18815	27.70801	22.39384	17.48750	13.15364	9.47883	6.48059	4.12265	2.33284	1.02021	0.08933	-0.54945	-0.97382	-1.24689	-1.41715	-1.52003	-1.58031	-1.61456	-1.63343	-1.64352	-1.64875	-1.65138	-1.65267	
-1.65351	-1.65316	-1.65241	-1.65083	-1.64759	-1.64115	-1.62873	-1.60550	-1.56334	-1.48912	-1.36242	-1.15274	-0.81639	-0.29361	0.49341	1.64045	3.25811	5.46413	8.37078	12.06727	16.59857	21.94337	27.99519	34.55126	41.31349	47.90445	53.89865	58.86633	62.42372	64.28195	64.28567	62.43457	58.88341	53.92060	47.92963	41.34017	34.57784	28.02030	21.96602	16.61815	12.08354	8.38380	5.47418	3.26560	1.64585	0.49717	-0.29107	-0.81473	-1.15169	-1.36178	-1.48874	-1.56312	-1.60538	-1.62867	-1.64112	-1.64757	-1.65082	-1.65241	
-1.65345	-1.65303	-1.65211	-1.65018	-1.64621	-1.63834	-1.62316	-1.59476	-1.54321	-1.45247	-1.29758	-1.04123	-0.63002	0.00911	0.97128	2.37362	4.35130	7.04828	10.60183	15.12102	20.66080	27.19514	34.59385	42.60904	50.87626	58.93410	66.26237	72.33565	76.68478	78.95657	78.96112	76.69804	72.35653	66.28921	58.96488	50.90889	42.64153	34.62455	27.22283	20.68474	15.14091	10.61775	7.06057	4.36046	2.38021	0.97588	0.01221	-0.62800	-1.03995	-1.29679	-1.45201	-1.54294	-1.59461	-1.62308	-1.63830	-1.64619	-1.65016	-1.65211	
-1.65338	-1.65287	-1.65176	-1.64941	-1.64461	-1.63508	-1.61669	-1.58229	-1.51985	-1.40995	-1.22233	-0.91183	-0.41375	0.36040	1.52583	3.22442	5.61989	8.88662	13.19087	18.66474	25.37482	33.28956	42.25127	51.95968	61.97338	71.73346	80.60985	87.96612	93.23402	95.98573	95.99124	93.25009	87.99142	80.64236	71.77075	62.01290	51.99903	42.28845	33.32310	25.40382	18.68884	13.21015	8.90150	5.63098	3.23241	1.53140	0.36416	-0.41130	-0.91028	-1.22138	-1.40938	-1.51953	-1.58211	-1.61659	-1.63503	-1.64459	-1.64940	-1.65175	
-1.65330	-1.65269	-1.65135	-1.64854	-1.64278	-1.63134	-1.60927	-1.56799	-1.49306	-1.36117	-1.13602	-0.76340	-0.16568	0.76334	2.16192	4.20030	7.07499	10.99523	16.16055	22.72948	30.78191	40.28000	51.03451	62.68510	74.70205	86.41464	97.06675	105.89466	112.21640	115.51859	115.52520	112.23568	105.92501	97.10576	86.45938	74.74947	62.73232	51.07913	40.32025	30.81671	22.75839	16.18369	11.01309	7.08830	4.20989	2.16860	0.76785	-0.16274	-0.76154	-1.13488	-1.36049	-1.49267	-1.56777	-1.60915	-1.63128	-1.64275	-1.64853	-1.65135	
-1.65321	-1.65248	-1.65090	-1.64755	-1.64070	-1.62710	-1.60086	-1.55178	-1.46269	-1.30588	-1.03819	-0.59516	0.11550	1.22006	2.88290	5.30644	8.72431	13.38529	19.52661	27.33675	36.91071	48.20348	60.99008	74.84208	89.12966	103.05537	115.72023	126.21618	133.73244	137.65858	137.66645	133.75536	126.25227	115.76661	103.10857	89.18604	74.89822	61.04314	48.25134	36.95209	27.37113	19.55412	13.40653	8.74014	5.31785	2.89085	1.22542	0.11900	-0.59295	-1.03683	-1.30507	-1.46223	-1.55152	-1.60072	-1.62702	-1.64067	-1.64753	-1.65089	
-1.65311	-1.65225	-1.65038	-1.64644	-1.63838	-1.62235	-1.59144	-1.53363	-1.42869	-1.24397	-0.92864	-0.40677	0.43035	1.73148	3.69023	6.54506	10.57116	16.06159	23.29580	32.49580	43.77351	57.07590	72.13796	88.45501	105.28516	121.68904	136.60769	148.97147	157.82529	162.45012	162.45938	157.85230	149.01399	136.66233	121.75171	105.35157	88.52115	72.20046	57.13228	43.82225	32.53630	23.32821	16.08661	10.58980	6.55849	3.69959	1.73779	0.43448	-0.40417	-0.92704	-1.24302	-1.42814	-1.53332	-1.59128	-1.62226	-1.63833	-1.64642	-1.65037	
-1.65300	-1.65200	-1.64982	-1.64522	-1.63580	-1.61710	-1.58103	-1.51355	-1.39109	-1.17550	-0.80750	-0.19845	0.77853	2.29703	4.58302	7.91478	12.61349	19.02117	27.46393	38.20091	51.36271	66.88742	84.46579	103.50880	123.15063	142.29498	159.70598	174.13528	184.46824	189.86571	189.87652	184.49976	174.18490	159.76974	142.36812	123.22814	103.58599	84.53872	66.95322	51.41959	38.24818	27.50175	19.05036	12.63524	7.93045	4.59394	2.30439	0.78334	-0.19540	-0.80563	-1.17440	-1.39045	-1.51320	-1.58084	-1.61700	-1.63575	-1.64519	-1.64980	
-1.65288	-1.65172	-1.64920	-1.64388	-1.63300	-1.61137	-1.56966	-1.49164	-1.35004	-1.10077	-0.67525	0.02898	1.15863	2.91442	5.55763	9.41005	14.84302	22.25202	32.01413	44.42896	59.64754	77.59829	97.92360	119.94245	142.65369	164.78971	184.92151	201.60566	213.55334	219.79427	219.80676	213.58978	201.66303	184.99524	164.87428	142.74331	120.03170	98.00794	77.67437	59.71331	44.48361	32.05786	22.28577	14.86818	9.42817	5.57026	2.92293	1.16419	0.03250	-0.67309	-1.09948	-1.34930	-1.49123	-1.56944	-1.61125	-1.63294	-1.64385	-1.64918	
-1.65275	-1.65142	-1.64853	-1.64244	-1.62997	-1.60519	-1.55742	-1.46804	-1.30582	-1.02026	-0.53280	0.27395	1.56805	3.57943	6.60744	11.02067	17.24455	25.73211	36.91535	51.13748	68.57150	89.13544	112.41962	137.64387	163.66131	189.01980	212.08229	231.19525	244.88221	252.03166	252.04598	244.92396	231.26096	212.16675	189.11667	163.76398	137.74612	112.51624	89.22259	68.64685	51.20008	36.96545	25.77078	17.27337	11.04143	6.62191	3.58919	1.57442	0.27798	-0.53033	-1.01879	-1.30497	-1.46756	-1.55716	-1.60506	-1.62990	-1.64241	-1.64851	
-1.65261	-1.65110	-1.64782	-1.64091	-1.62676	-1.59864	-1.54441	-1.44296	-1.25885	-0.93475	-0.38149	0.53415	2.00293	4.28582	7.72254	12.73148	19.79546	29.42868	42.12144	58.26328	78.05057	101.39024	127.81734	156.44638	185.97567	214.75706	240.93255	262.62539	278.15983	286.27432	286.29057	278.20721	262.69998	241.02841	214.86702	186.09219	156.56242	127.92700	101.48916	78.13608	58.33434	42.17830	29.47257	19.82817	12.75504	7.73896	4.29689	2.01016	0.53873	-0.37869	-0.93308	-1.25789	-1.44243	-1.54412	-1.59848	-1.62668	-1.64087	-1.64780	
-1.65246	-1.65077	-1.64708	-1.63931	-1.62339	-1.59177	-1.53080	-1.41672	-1.20969	-0.84524	-0.22311	0.80651	2.45813	5.02520	8.88975	14.52221	22.46555	33.29796	47.57076	65.72200	87.97249	114.21759	143.93444	176.12734	209.33256	241.69677	271.13069	295.52394	312.99218	322.11679	322.13506	313.04546	295.60782	271.23848	241.82041	209.46358	176.25782	144.05774	114.32881	88.06865	65.80191	47.63470	33.34731	22.50233	14.54871	8.90821	5.03765	2.46626	0.81166	-0.21996	-0.84337	-1.20861	-1.41612	-1.53047	-1.59160	-1.62331	-1.63926	-1.64706	
-1.65231	-1.65042	-1.64632	-1.63766	-1.61993	-1.58470	-1.51677	-1.38968	-1.15902	-0.75300	-0.05989	1.08720	2.92724	5.78717	10.09260	16.36764	25.21719	37.28541	53.18651	73.40854	98.19746	127.43671	160.54380	196.40941	233.40283	269.45930	302.25117	329.42731	348.88841	359.05399	359.07435	348.94776	329.52076	302.37126	269.59705	233.54880	196.55478	160.68117	127.56063	98.30459	73.49755	53.25775	37.34039	25.25817	16.39716	10.11317	5.80104	2.93630	1.09293	-0.05638	-0.75091	-1.15782	-1.38901	-1.51640	-1.58451	-1.61983	-1.63761	-1.64629	
-1.65216	-1.65007	-1.64554	-1.63598	-1.61641	-1.57753	-1.50255	-1.36227	-1.10768	-0.65951	0.10552	1.37166	3.40266	6.55940	11.31165	18.23792	28.00588	41.32656	58.87790	81.19858	108.56013	140.83386	177.37684	216.96462	257.79726	297.59571	333.79076	363.78727	385.26805	396.48864	396.51111	385.33357	363.89041	333.92331	297.74775	257.95838	217.12508	177.52846	140.97064	108.67838	81.29684	58.95652	41.38724	28.05112	18.27051	11.33436	6.57471	3.41266	1.37798	0.10940	-0.65721	-1.10635	-1.36153	-1.50214	-1.57732	-1.61631	-1.63593	-1.64552	
-1.65201	-1.64973	-1.64477	-1.63432	-1.61292	-1.57039	-1.48840	-1.33499	-1.05658	-0.56648	0.27015	1.65476	3.87581	7.32793	12.52487	20.09925	30.78123	45.34835	64.54203	88.95132	118.87317	154.16685	194.12926	237.42139	282.07486	325.59736	365.17929	397.98267	421.47347	433.74400	433.76857	421.54512	398.09546	365.32424	325.76363	282.25106	237.59686	194.29508	154.31643	119.00248	89.05878	64.62801	45.41472	30.83069	20.13488	12.54969	7.34468	3.88674	1.66167	0.27438	-0.56396	-1.05513	-1.33418	-1.48796	-1.57016	-1.61280	-1.63426	-1.64474	
-1.65186	-1.64939	-1.64402	-1.63270	-1.60951	-1.56343	-1.47459	-1.30839	-1.00674	-0.47573	0.43071	1.93088	4.33730	8.07754	13.70820	21.91474	33.48823	49.27112	70.06668	96.51316	128.93226	167.17152	210.46916	257.37441	305.75463	352.90949	395.79490	431.33602	456.78735	470.08196	470.10858	456.86497	431.45822	395.95195	353.08964	305.94554	257.56454	210.64882	167.33358	129.07236	96.62957	70.15984	49.34302	33.54182	21.95335	13.73510	8.09568	4.34915	1.93838	0.43531	-0.47300	-1.00516	-1.30751	-1.47412	-1.56318	-1.60938	-1.63263	-1.64399	
-1.65172	-1.64907	-1.64330	-1.63115	-1.60626	-1.55680	-1.46143	-1.28302	-0.95922	-0.38922	0.58380	2.19414	4.77728	8.79220	14.83637	23.64559	36.06902	53.01099	75.33376	103.72244	138.52237	179.56989	226.04726	276.39720	328.33041	378.94828	424.98315	463.13437	490.45482	504.72578	504.75436	490.53815	463.26555	425.15173	379.14166	328.53533	276.60128	226.24011	179.74385	138.67277	103.84741	75.43376	53.08818	36.12655	23.68703	14.86525	8.81167	4.79000	2.20218	0.58873	-0.38629	-0.95753	-1.28208	-1.46092	-1.55653	-1.60612	-1.63108	-1.64327	
-1.65159	-1.64877	-1.64264	-1.62971	-1.60324	-1.55064	-1.44922	-1.25947	-0.91510	-0.30890	0.72591	2.43852	5.18573	9.45564	15.88369	25.25239	38.46485	56.48283	80.22335	110.41505	147.42517	191.07968	240.50890	294.05664	349.28821	403.12090	452.07951	492.65378	521.70939	536.88672	536.91711	521.79801	492.79329	452.25880	403.32655	349.50615	294.27368	240.71400	191.26469	147.58512	110.54795	80.32971	56.56492	38.52604	25.29646	15.91440	9.47635	5.19925	2.44708	0.73115	-0.30579	-0.91331	-1.25847	-1.44867	-1.55035	-1.60309	-1.62964	-1.64260	
-1.65147	-1.64850	-1.64204	-1.62842	-1.60053	-1.54510	-1.43824	-1.23831	-0.87546	-0.23672	0.85364	2.65818	5.55284	10.05194	16.82503	26.69660	40.61826	59.60336	84.61818	116.43043	155.42710	201.42481	253.50719	309.92914	368.12530	424.84751	476.43401	519.18614	549.80134	565.79332	565.82535	549.89472	519.33314	476.62293	425.06421	368.35495	310.15783	253.72329	201.61975	155.59564	116.57047	84.73024	59.68986	40.68272	26.74304	16.85738	10.07376	5.56709	2.66720	0.85917	-0.23343	-0.87356	-1.23725	-1.43766	-1.54480	-1.60037	-1.62834	-1.64200	
-1.65137	-1.64827	-1.64152	-1.62730	-1.59819	-1.54033	-1.42877	-1.22006	-0.84126	-0.17446	0.96379	2.84761	5.86944	10.56619	17.63682	27.94206	42.47531	62.29446	88.40820	121.61800	162.32784	210.34627	264.71668	323.61731	384.37010	443.58417	497.43693	542.06720	574.02736	590.72188	590.75532	574.12484	542.22066	497.63414	443.81039	384.60983	323.85605	264.94228	210.54977	162.50378	121.76419	88.52518	62.38475	42.54261	27.99054	17.67060	10.58897	5.88431	2.85702	0.96956	-0.17104	-0.83929	-1.21895	-1.42817	-1.54002	-1.59803	-1.62722	-1.64149	
-1.65129	-1.64808	-1.64110	-1.62640	-1.59628	-1.53644	-1.42106	-1.20519	-0.81341	-0.12376	1.05352	3.00190	6.12731	10.98504	18.29803	28.95650	43.98790	64.48638	91.49520	125.84332	167.94855	217.61288	273.84692	334.76645	397.60163	458.84535	514.54399	560.70403	593.75967	611.02643	611.06101	593.86049	560.86275	514.74796	459.07932	397.84958	335.01338	274.08025	217.82336	168.13052	125.99452	91.61620	64.57976	44.05750	29.00664	18.33297	11.00861	6.14269	3.01163	1.05948	-0.12021	-0.81137	-1.20405	-1.42044	-1.53612	-1.59612	-1.62631	-1.64107	
-1.65122	-1.64794	-1.64079	-1.62572	-1.59486	-1.53354	-1.41531	-1.19410	-0.79265	-0.08595	1.12042	3.11695	6.31959	11.29736	18.79106	29.71292	45.11576	66.12077	93.79702	128.99392	172.13961	223.03121	280.65485	343.07978	407.46768	470.22481	527.29982	574.60053	608.47301	626.16645	626.20188	608.57632	574.76317	527.50884	470.46456	407.72176	343.33280	280.89395	223.24689	172.32608	129.14886	93.92100	66.21647	45.18708	29.76430	18.82687	11.32151	6.33535	3.12692	1.12653	-0.08232	-0.79055	-1.19294	-1.41467	-1.53321	-1.59469	-1.62564	-1.64075	
-1.65119	-1.64785	-1.64059	-1.62529	-1.59396	-1.53171	-1.41167	-1.18710	-0.77953	-0.06207	1.16268	3.18963	6.44106	11.49467	19.10253	30.19077	45.82826	67.15327	95.25114	130.98424	174.78723	226.45412	284.95562	348.33154	413.70035	477.41353	535.35804	583.37934	617.76784	635.73083	635.76680	617.87273	583.54446	535.57024	477.65694	413.95829	348.58842	285.19836	226.67309	174.97653	131.14154	95.37701	67.25042	45.90067	30.24293	19.13887	11.51918	6.45706	3.19975	1.16888	-0.05838	-0.77740	-1.18592	-1.41103	-1.53137	-1.59379	-1.62521	-1.64055	
-1.65117	-1.64781	-1.64052	-1.62513	-1.59361	-1.53100	-1.41026	-1.18437	-0.77442	-0.05276	1.17914	3.21794	6.48837	11.57152	19.22385	30.37690	46.10579	67.55545	95.81755	131.75951	175.81853	227.78742	286.63086	350.37722	416.12811	480.21370	538.49690	586.79888	621.38839	639.45637	639.49255	621.49389	586.96497	538.71034	480.45853	416.38757	350.63560	286.87502	228.00767	176.00895	131.91773	95.94416	67.65317	46.17863	30.42937	19.26041	11.59617	6.50447	3.22812	1.18538	-0.04905	-0.77228	-1.18318	-1.40961	-1.53066	-1.59344	-1.62504	-1.64048	
-1.65118	-1.64783	-1.64056	-1.62522	-1.59382	-1.53142	-1.41110	-1.18600	-0.77746	-0.05830	1.16935	3.20109	6.46022	11.52579	19.15167	30.26616	45.94067	67.31617	95.48056	131.29826	175.20495	226.99416	285.63417	349.16013	414.68370	478.54772	536.62941	584.76440	619.23432	637.23983	637.27589	619.33946	584.92991	536.84212	478.79170	414.94225	349.41762	285.87748	227.21365	175.39470	131.45593	95.60673	67.41355	46.01325	30.31845	19.18810	11.55036	6.47626	3.21124	1.17557	-0.05460	-0.77533	-1.18481	-1.41045	-1.53108	-1.59365	-1.62514	-1.64052	
-1.65121	-1.64791	-1.64073	-1.62559	-1.59458	-1.53297	-1.41417	-1.19193	-0.78856	-0.07852	1.13357	3.13957	6.35739	11.35876	18.88799	29.86161	45.33747	66.44207	94.24951	129.61327	172.96350	224.09635	281.99317	344.71402	409.40717	472.46180	529.80738	577.33232	611.36538	629.14269	629.17829	611.46918	577.49573	530.01739	472.70268	409.66244	344.96825	282.23340	224.31305	173.15085	129.76894	94.37408	66.53822	45.40914	29.91324	18.92396	11.38302	6.37323	3.14959	1.13971	-0.07487	-0.78646	-1.19075	-1.41354	-1.53264	-1.59441	-1.62550	-1.64069	
-1.65127	-1.64804	-1.64101	-1.62620	-1.59587	-1.53561	-1.41940	-1.20200	-0.80743	-0.11287	1.07279	3.03505	6.18270	11.07502	18.44008	29.17443	44.31284	64.95725	92.15836	126.75101	169.15600	219.17391	275.80830	337.16154	400.44406	462.12379	518.21897	564.70764	597.99861	615.38829	615.42312	598.10015	564.86748	518.42440	462.35943	400.69377	337.41022	276.04329	219.38589	169.33926	126.90329	92.28022	65.05130	44.38294	29.22493	18.47526	11.09875	6.19820	3.04485	1.07880	-0.10930	-0.80537	-1.20085	-1.41878	-1.53528	-1.59570	-1.62612	-1.64097	
-1.65135	-1.64821	-1.64141	-1.62705	-1.59766	-1.53925	-1.42663	-1.21593	-0.83354	-0.16041	0.98867	2.89039	5.94094	10.68232	17.82015	28.22333	42.89470	62.90220	89.26412	122.78953	163.88626	212.36105	267.24818	326.70858	388.03874	447.81557	502.18012	547.23455	579.49844	596.35163	596.38538	579.59685	547.38946	502.37921	448.04393	388.28075	326.94959	267.47593	212.56649	164.06388	122.93711	89.38221	62.99335	42.96264	28.27227	17.85425	10.70532	5.95595	2.89989	0.99449	-0.15695	-0.83155	-1.21482	-1.42603	-1.53893	-1.59750	-1.62697	-1.64137	
-1.65144	-1.64844	-1.64190	-1.62812	-1.59989	-1.54381	-1.43567	-1.23337	-0.86620	-0.21986	0.88346	2.70947	5.63856	10.19117	17.04481	27.03379	41.12103	60.33194	85.64427	117.83489	157.29537	203.84016	256.54199	313.63500	372.52334	429.92018	482.12023	525.38084	556.36016	572.54235	572.57476	556.45465	525.52959	482.31140	430.13945	372.75571	313.86642	256.76066	204.03742	157.46591	117.97659	85.75766	60.41946	41.18626	27.08078	17.07755	10.21325	5.65298	2.71859	0.88905	-0.21654	-0.86429	-1.23230	-1.43509	-1.54351	-1.59974	-1.62804	-1.64186	
-1.65156	-1.64870	-1.64248	-1.62937	-1.60252	-1.54917	-1.44629	-1.25384	-0.90455	-0.28969	0.75991	2.49700	5.28346	9.61438	16.13429	25.63686	39.03812	57.31357	81.39332	112.01644	149.55541	193.83371	243.96925	298.28214	354.30293	408.90486	458.56305	499.71710	529.18790	544.58210	544.61293	529.27779	499.85860	458.74491	409.11345	354.52399	298.50229	244.17728	194.02137	149.71764	112.15124	81.50120	57.39683	39.10018	25.68156	16.16544	9.63539	5.29718	2.50568	0.76523	-0.28653	-0.90273	-1.25282	-1.44574	-1.54888	-1.60237	-1.62929	-1.64244	
-1.65168	-1.64899	-1.64313	-1.63077	-1.60546	-1.55518	-1.45822	-1.27683	-0.94762	-0.36811	0.62114	2.25836	4.88462	8.96655	15.11160	24.06785	36.69864	53.92338	76.61873	105.48124	140.86200	182.59463	229.84774	281.03805	333.83806	385.30078	432.10400	470.89199	498.66844	513.17759	513.20665	498.75316	471.02536	432.27540	385.49738	334.04641	281.24554	230.04381	182.77150	141.01491	105.60829	76.72040	54.00186	36.75713	24.10998	15.14096	8.98634	4.89755	2.26654	0.62616	-0.36513	-0.94591	-1.27587	-1.45770	-1.55491	-1.60532	-1.63070	-1.64310	
-1.65182	-1.64930	-1.64383	-1.63229	-1.60866	-1.56171	-1.47117	-1.30179	-0.99438	-0.45324	0.47052	1.99934	4.45172	8.26338	14.00158	22.36484	34.15936	50.24366	71.43637	98.38792	131.42614	170.39569	214.52021	262.32125	311.62541	359.68083	403.38524	439.60511	465.54250	479.09101	479.11815	465.62161	439.72965	403.54529	359.86441	311.81997	262.51500	214.70330	170.56085	131.56893	98.50656	71.53131	50.31694	34.21397	22.40419	14.02900	8.28187	4.46379	2.00698	0.47520	-0.45045	-0.99278	-1.30089	-1.47069	-1.56145	-1.60853	-1.63223	-1.64380	
-1.65197	-1.64964	-1.64458	-1.63390	-1.61204	-1.56860	-1.48484	-1.32813	-1.04373	-0.54309	0.31153	1.72592	3.99475	7.52113	12.82985	20.56716	31.47892	46.35939	65.96592	90.90028	121.46575	157.51861	198.34063	242.56398	288.17797	332.63666	373.07001	406.57900	430.57510	443.10957	443.13467	430.64829	406.69422	373.21808	332.80651	288.35796	242.74323	198.51001	157.67141	121.59785	91.01004	66.05376	46.42718	31.52944	20.60356	12.85522	7.53824	4.00592	1.73299	0.31586	-0.54052	-1.04225	-1.32731	-1.48439	-1.56836	-1.61192	-1.63384	-1.64455	
-1.65212	-1.64998	-1.64535	-1.63556	-1.61552	-1.57570	-1.49893	-1.35529	-1.09461	-0.63572	0.14762	1.44405	3.52366	6.75593	11.62190	18.71391	28.71560	42.35503	60.32635	83.18114	111.19742	144.24342	181.66082	222.19589	264.00561	304.75639	341.81754	372.53184	394.52663	406.01571	406.03872	394.59372	372.63744	341.95327	304.91207	264.17059	222.36019	181.81608	144.38347	111.31850	83.28175	60.40686	42.41716	28.76192	18.74727	11.64515	6.77161	3.53389	1.45053	0.15159	-0.63336	-1.09325	-1.35453	-1.49852	-1.57549	-1.61541	-1.63550	-1.64532	
-1.65227	-1.65033	-1.64612	-1.63723	-1.61904	-1.58288	-1.51316	-1.38272	-1.14599	-0.72926	-0.01789	1.15943	3.04796	5.98326	10.40215	16.84256	25.92532	38.31157	54.63172	75.38665	100.82883	130.83863	164.81818	201.62896	239.59726	276.60393	310.25996	338.15228	358.12623	368.55971	368.58060	358.18715	338.24819	310.38322	276.74531	239.74709	201.77816	164.95917	130.96581	100.93879	75.47801	54.70483	38.36800	25.96737	16.87286	10.42326	5.99750	3.05726	1.16531	-0.01428	-0.72712	-1.14475	-1.38203	-1.51278	-1.58268	-1.61894	-1.63718	-1.64610	
-1.65242	-1.65068	-1.64689	-1.63889	-1.62252	-1.58999	-1.52726	-1.40990	-1.19691	-0.82197	-0.18193	0.87733	2.57649	5.21744	9.19322	14.98780	23.15977	34.30397	48.98758	67.66127	90.55219	117.55269	148.12488	181.24438	215.40534	248.70109	278.98220	304.07756	322.04858	331.43583	331.45463	322.10340	304.16385	279.09310	248.82829	215.54014	181.37862	148.25173	117.66712	90.65112	67.74347	49.05336	34.35474	23.19761	15.01506	9.21221	5.23025	2.58485	0.88262	-0.17869	-0.82004	-1.19580	-1.40928	-1.52692	-1.58981	-1.62243	-1.63885	-1.64687	
-1.65257	-1.65102	-1.64764	-1.64051	-1.62591	-1.59691	-1.54100	-1.43638	-1.24652	-0.91230	-0.34177	0.60246	2.11709	4.47124	8.01526	13.18056	20.46507	30.39903	43.48803	60.13380	80.53882	104.60712	131.85923	161.38203	191.83318	221.51308	248.50573	270.87578	286.89519	295.26300	295.27976	286.94405	270.95270	248.60458	221.62647	191.95334	161.50169	131.97231	104.70912	80.62700	60.20708	43.54667	30.44429	20.49880	13.20486	8.03219	4.48266	2.12454	0.60717	-0.33888	-0.91058	-1.24553	-1.43583	-1.54070	-1.59676	-1.62583	-1.64047	-1.64762	
-1.65271	-1.65134	-1.64835	-1.64206	-1.62917	-1.60356	-1.55417	-1.46178	-1.29411	-0.99894	-0.49507	0.33883	1.67649	3.75558	6.88551	11.44729	17.88066	26.65392	38.21358	52.91443	70.93528	92.19140	116.25932	142.33262	169.22580	195.43785	219.27662	239.03292	253.18059	260.57069	260.58549	253.22374	239.10085	219.36392	195.53799	169.33192	142.43830	116.35919	92.28148	71.01316	52.97914	38.26537	26.69389	17.91045	11.46875	6.90046	3.76567	1.68308	0.34300	-0.49251	-0.99742	-1.29323	-1.46130	-1.55391	-1.60342	-1.62910	-1.64202	-1.64834	
-1.65284	-1.65164	-1.64903	-1.64352	-1.63225	-1.60984	-1.56663	-1.48579	-1.33907	-1.08080	-0.63992	0.08974	1.26018	3.07936	5.81802	9.80953	15.43867	23.11519	33.22978	46.09288	61.86095	80.45985	101.51905	124.33294	147.86421	170.79950	191.65820	208.94477	221.32384	227.79011	227.80306	221.36160	209.00421	191.73459	170.88712	147.95707	124.42541	101.60643	80.53867	61.92910	46.14950	33.27509	23.15016	15.46474	9.82831	5.83110	3.08818	1.26594	0.09338	-0.63768	-1.07947	-1.33830	-1.48536	-1.56639	-1.60971	-1.63218	-1.64349	-1.64902	
-1.65297	-1.65193	-1.64966	-1.64489	-1.63511	-1.61568	-1.57823	-1.50815	-1.38096	-1.15706	-0.77486	-0.14233	0.87232	2.44937	4.82351	8.28374	13.16363	19.81839	28.58671	39.73771	53.40702	69.53038	87.78656	107.56388	127.96310	147.84566	165.92803	180.91372	191.64512	197.25071	197.26194	191.67785	180.96525	165.99425	147.92162	128.04359	107.64404	87.86231	69.59871	53.46610	39.78680	28.62599	19.84871	13.18623	8.30002	4.83485	2.45702	0.87732	-0.13917	-0.77293	-1.15591	-1.38029	-1.50778	-1.57802	-1.61558	-1.63506	-1.64486	-1.64965	
-1.65308	-1.65219	-1.65024	-1.64614	-1.63775	-1.62106	-1.58889	-1.52870	-1.41946	-1.22716	-0.89890	-0.35562	0.51584	1.87034	3.90944	6.88137	11.07261	16.78826	24.31920	33.89658	45.63689	59.48493	75.16482	92.15117	109.67167	126.74842	142.27902	155.14995	164.36694	169.18148	169.19112	164.39505	155.19420	142.33590	126.81366	109.74081	92.22002	75.22988	59.54362	45.68763	33.93874	24.35294	16.81430	11.09202	6.89535	3.91918	1.87691	0.52013	-0.35291	-0.89723	-1.22617	-1.41889	-1.52838	-1.58872	-1.62097	-1.63770	-1.64612	-1.65023	
-1.65319	-1.65243	-1.65077	-1.64728	-1.64014	-1.62594	-1.59856	-1.54734	-1.45439	-1.29075	-1.01142	-0.54913	0.19243	1.34503	3.08017	5.60910	9.17559	14.03924	20.44761	28.59736	38.58763	50.37145	63.71405	78.16838	93.07724	107.60848	120.82406	131.77641	139.61950	143.71637	143.72457	139.64342	131.81407	120.87245	107.66400	93.13607	78.22697	63.76942	50.42139	38.63081	28.63323	20.47631	14.06140	9.19210	5.62100	3.08846	1.35062	0.19608	-0.54682	-1.01001	-1.28991	-1.45390	-1.54707	-1.59841	-1.62586	-1.64010	-1.64726	-1.65076	
-1.65328	-1.65264	-1.65124	-1.64830	-1.64228	-1.63031	-1.60723	-1.56405	-1.48568	-1.34772	-1.11223	-0.72248	-0.09730	0.87442	2.33726	4.46932	7.47611	11.57650	16.97919	23.84998	32.27246	42.20702	53.45574	65.64172	78.21090	90.46172	101.60335	110.83693	117.44918	120.90312	120.91004	117.46935	110.86868	101.64415	90.50853	78.26049	65.69111	53.50241	42.24912	32.30886	23.88023	17.00339	11.59519	7.49003	4.47935	2.34425	0.87913	-0.09422	-0.72054	-1.11103	-1.34701	-1.48527	-1.56382	-1.60710	-1.63024	-1.64224	-1.64828	-1.65123	
-1.65336	-1.65283	-1.65166	-1.64920	-1.64417	-1.63417	-1.61489	-1.57883	-1.51337	-1.39814	-1.20144	-0.87589	-0.35369	0.45795	1.67982	3.46067	5.97215	9.39709	13.90980	19.64877	26.68382	34.98187	44.37760	54.55619	65.05486	75.28762	84.59389	92.30643	97.82946	100.71443	100.72021	97.84630	92.33295	84.62798	75.32671	65.09629	54.59745	44.41658	35.01704	26.71423	19.67403	13.93001	9.41270	5.98378	3.46905	1.68566	0.46189	-0.35112	-0.87427	-1.20044	-1.39755	-1.51303	-1.57864	-1.61479	-1.63412	-1.64414	-1.64919	-1.65165	
-1.65343	-1.65299	-1.65203	-1.64999	-1.64583	-1.63755	-1.62160	-1.59175	-1.53758	-1.44222	-1.27944	-1.01004	-0.57790	0.09377	1.10493	2.57866	4.65703	7.49133	11.22580	15.97506	21.79689	28.66391	36.43931	44.86256	53.55069	62.01877	69.72014	76.10262	80.67318	83.06063	83.06541	80.68712	76.12457	69.74835	62.05112	53.58497	44.89670	36.47157	28.69301	21.82205	15.99597	11.24253	7.50424	4.66666	2.58559	1.10976	0.09703	-0.57577	-1.00870	-1.27862	-1.44173	-1.53730	-1.59159	-1.62151	-1.63751	-1.64581	-1.64998	-1.65202	
-1.65350	-1.65313	-1.65234	-1.65067	-1.64726	-1.64048	-1.62740	-1.60292	-1.55851	-1.48033	-1.34686	-1.12599	-0.77167	-0.22097	0.60807	1.81637	3.52041	5.84423	8.90609	12.79998	17.57325	23.20347	29.57846	36.48463	43.60796	50.55088	56.86517	62.09812	65.84549	67.80294	67.80686	65.85692	62.11612	56.88830	50.57740	43.63607	36.51262	29.60491	23.22733	17.59388	12.81712	8.91981	5.85481	3.52830	1.82205	0.61203	-0.21830	-0.76993	-1.12488	-1.34619	-1.47992	-1.55828	-1.60279	-1.62733	-1.64044	-1.64724	-1.65066	-1.65234	
-1.65355	-1.65325	-1.65261	-1.65126	-1.64848	-1.64297	-1.63235	-1.61247	-1.57639	-1.51288	-1.40447	-1.22505	-0.93723	-0.48990	0.18354	1.16506	2.54926	4.43692	6.92411	10.08715	13.96453	18.53801	23.71648	29.32643	35.11278	40.75258	45.88175	50.13253	53.17655	54.76661	54.76979	53.18583	50.14714	45.90053	40.77413	35.13562	29.34917	23.73797	18.55739	13.98129	10.10108	6.93525	4.44552	2.55567	1.16967	0.18676	-0.48773	-0.93582	-1.22415	-1.40392	-1.51256	-1.57620	-1.61236	-1.63229	-1.64294	-1.64847	-1.65125	-1.65261	
-1.65359	-1.65336	-1.65284	-1.65175	-1.64952	-1.64508	-1.63653	-1.62053	-1.59150	-1.54039	-1.45313	-1.30874	-1.07711	-0.71709	-0.17511	0.61481	1.72882	3.24800	5.24968	7.79529	10.91580	14.59652	18.76414	23.27901	27.93586	32.47475	36.60269	40.02371	42.47353	43.75321	43.75577	42.48100	40.03547	36.61781	32.49209	27.95423	23.29731	18.78144	14.61212	10.92928	7.80650	5.25865	3.25493	1.73398	0.61853	-0.17252	-0.71534	-1.07597	-1.30801	-1.45269	-1.54012	-1.59135	-1.62045	-1.63648	-1.64506	-1.64950	-1.65174	-1.65284	
-1.65363	-1.65344	-1.65303	-1.65216	-1.65038	-1.64684	-1.64003	-1.62727	-1.60412	-1.56336	-1.49379	-1.37866	-1.19397	-0.90690	-0.47475	0.15509	1.04335	2.25468	3.85073	5.88048	8.36863	11.30347	14.62654	18.22649	21.93965	25.55876	28.85019	31.57795	33.53133	34.55168	34.55373	33.53729	31.58733	28.86224	25.57259	21.95430	18.24109	14.64033	11.31591	8.37938	5.88942	3.85788	2.26020	1.04746	0.15806	-0.47269	-0.90551	-1.19306	-1.37808	-1.49344	-1.56315	-1.60400	-1.62720	-1.63999	-1.64682	-1.65037	-1.65215	-1.65303	
-1.65366	-1.65351	-1.65319	-1.65250	-1.65109	-1.64830	-1.64291	-1.63284	-1.61455	-1.58235	-1.52739	-1.43644	-1.29054	-1.06376	-0.72237	-0.22481	0.47690	1.43383	2.69467	4.29814	6.26373	8.58219	11.20735	14.05124	16.98456	19.84359	22.44375	24.59863	26.14176	26.94782	26.94943	26.14647	24.60604	22.45328	19.85451	16.99614	14.06277	11.21825	8.59202	6.27222	4.30520	2.70032	1.43819	0.48015	-0.22247	-0.72074	-1.06266	-1.28982	-1.43598	-1.52712	-1.58219	-1.61445	-1.63278	-1.64288	-1.64829	-1.65109	-1.65250	-1.65318	
-1.65369	-1.65357	-1.65331	-1.65278	-1.65168	-1.64949	-1.64527	-1.63739	-1.62307	-1.59788	-1.55486	-1.48367	-1.36948	-1.19199	-0.92479	-0.53536	0.01385	0.76281	1.74964	3.00463	4.54305	6.35765	8.41230	10.63814	12.93397	15.17166	17.20674	18.89331	20.10107	20.73196	20.73322	20.10476	18.89911	17.21419	15.18021	12.94303	10.64716	8.42082	6.36534	4.54970	3.01016	1.75406	0.76622	0.01639	-0.53353	-0.92351	-1.19113	-1.36892	-1.48332	-1.55464	-1.59775	-1.62300	-1.63735	-1.64525	-1.64948	-1.65167	-1.65277	-1.65331	
-1.65371	-1.65362	-1.65342	-1.65300	-1.65215	-1.65045	-1.64718	-1.64107	-1.62997	-1.61043	-1.57707	-1.52187	-1.43332	-1.29569	-1.08850	-0.78652	-0.36064	0.22013	0.98536	1.95852	3.15146	4.55857	6.15182	7.87781	9.65809	11.39327	12.97134	14.27917	15.21571	15.70492	15.70590	15.21857	14.28366	12.97712	11.39990	9.66511	7.88481	6.15843	4.56454	3.15662	1.96280	0.98878	0.22278	-0.35867	-0.78509	-1.08751	-1.29502	-1.43289	-1.52160	-1.57690	-1.61033	-1.62991	-1.64104	-1.64717	-1.65044	-1.65214	-1.65300	-1.65342	
-1.65372	-1.65365	-1.65350	-1.65318	-1.65253	-1.65122	-1.64871	-1.64401	-1.63549	-1.62047	-1.59485	-1.55244	-1.48441	-1.37867	-1.21949	-0.98749	-0.66031	-0.21412	0.37377	1.12142	2.03792	3.11895	4.34298	5.66900	7.03672	8.36980	9.58218	10.58694	11.30645	11.68229	11.68305	11.30865	10.59039	9.58662	8.37489	7.04212	5.67438	4.34806	3.12353	2.04188	1.12471	0.37641	-0.21209	-0.65879	-0.98640	-1.21873	-1.37816	-1.48407	-1.55223	-1.59472	-1.62040	-1.63544	-1.64399	-1.64870	-1.65122	-1.65252	-1.65318	-1.65350	
-1.65374	-1.65368	-1.65357	-1.65332	-1.65283	-1.65183	-1.64992	-1.64635	-1.63985	-1.62843	-1.60892	-1.57664	-1.52486	-1.44438	-1.32322	-1.14663	-0.89759	-0.55797	-0.11049	0.45859	1.15619	1.97903	2.91071	3.92003	4.96108	5.97576	6.89858	7.66335	8.21102	8.49709	8.49767	8.21269	7.66598	6.90195	5.97964	4.96518	3.92412	2.91458	1.98251	1.15920	0.46110	-0.10848	-0.55642	-0.89643	-1.14580	-1.32264	-1.44399	-1.52461	-1.57648	-1.60882	-1.62837	-1.63982	-1.64633	-1.64991	-1.65183	-1.65282	-1.65332	-1.65357	
-1.65375	-1.65371	-1.65362	-1.65344	-1.65306	-1.65231	-1.65087	-1.64817	-1.64328	-1.63466	-1.61995	-1.59561	-1.55656	-1.49587	-1.40450	-1.27133	-1.08352	-0.82741	-0.48995	-0.06080	0.46527	1.08579	1.78839	2.54954	3.33461	4.09981	4.79572	5.37246	5.78546	6.00120	6.00163	5.78672	5.37444	4.79827	4.10273	3.33771	2.55262	1.79131	1.08842	0.46755	-0.05891	-0.48844	-0.82624	-1.08265	-1.27070	-1.40406	-1.49557	-1.55637	-1.59549	-1.61988	-1.63462	-1.64325	-1.64816	-1.65086	-1.65231	-1.65306	-1.65343	-1.65362	
-1.65375	-1.65372	-1.65366	-1.65352	-1.65324	-1.65268	-1.65161	-1.64959	-1.64593	-1.63950	-1.62851	-1.61032	-1.58114	-1.53579	-1.46753	-1.36803	-1.22771	-1.03636	-0.78423	-0.46359	-0.07054	0.39308	0.91802	1.48671	2.07328	2.64499	3.16493	3.59584	3.90441	4.06560	4.06592	3.90536	3.59732	3.16684	2.64717	2.07559	1.48901	0.92020	0.39504	-0.06884	-0.46218	-0.78310	-1.03549	-1.22706	-1.36756	-1.46720	-1.53557	-1.58100	-1.61023	-1.62845	-1.63946	-1.64591	-1.64958	-1.65160	-1.65268	-1.65324	-1.65352	-1.65366	
-1.65376	-1.65374	-1.65369	-1.65359	-1.65338	-1.65297	-1.65217	-1.65068	-1.64797	-1.64321	-1.63507	-1.62161	-1.60001	-1.56644	-1.51591	-1.44226	-1.33839	-1.19674	-1.01011	-0.77276	-0.48181	-0.13862	0.24996	0.67092	1.10512	1.52832	1.91320	2.23218	2.46059	2.57991	2.58015	2.46129	2.23327	1.91461	1.52994	1.10683	0.67263	0.25157	-0.13717	-0.48055	-0.77171	-1.00927	-1.19610	-1.33791	-1.44191	-1.51567	-1.56628	-1.59990	-1.62154	-1.63503	-1.64318	-1.64796	-1.65067	-1.65217	-1.65296	-1.65338	-1.65359	-1.65369	
-1.65377	-1.65375	-1.65371	-1.65364	-1.65349	-1.65318	-1.65260	-1.65150	-1.64952	-1.64602	-1.64006	-1.63018	-1.61434	-1.58973	-1.55267	-1.49865	-1.42247	-1.31859	-1.18172	-1.00765	-0.79427	-0.54258	-0.25760	0.05113	0.36957	0.67994	0.96221	1.19614	1.36366	1.45116	1.45134	1.36417	1.19694	0.96324	0.68113	0.37083	0.05238	-0.25641	-0.54151	-0.79334	-1.00688	-1.18110	-1.31812	-1.42212	-1.49840	-1.55249	-1.58961	-1.61427	-1.63013	-1.64003	-1.64601	-1.64951	-1.65150	-1.65260	-1.65318	-1.65349	-1.65364	-1.65371	
-1.65377	-1.65376	-1.65373	-1.65368	-1.65357	-1.65335	-1.65292	-1.65213	-1.65068	-1.64814	-1.64381	-1.63663	-1.62513	-1.60724	-1.58031	-1.54106	-1.48571	-1.41023	-1.31078	-1.18430	-1.02925	-0.84637	-0.63930	-0.41498	-0.18360	0.04192	0.24702	0.41699	0.53871	0.60229	0.60242	0.53908	0.41758	0.24777	0.04278	-0.18269	-0.41407	-0.63844	-0.84560	-1.02858	-1.18374	-1.31033	-1.40989	-1.48546	-1.54088	-1.58018	-1.60715	-1.62507	-1.63660	-1.64379	-1.64813	-1.65068	-1.65212	-1.65292	-1.65334	-1.65357	-1.65368	-1.65373	
-1.65377	-1.65376	-1.65374	-1.65371	-1.65363	-1.65347	-1.65316	-1.65259	-1.65155	-1.64972	-1.64660	-1.64144	-1.63315	-1.62027	-1.60089	-1.57263	-1.53279	-1.47845	-1.40685	-1.31580	-1.20419	-1.07254	-0.92347	-0.76198	-0.59542	-0.43307	-0.28542	-0.16306	-0.07543	-0.02966	-0.02957	-0.07516	-0.16264	-0.28488	-0.43245	-0.59476	-0.76133	-0.92285	-1.07198	-1.20371	-1.31540	-1.40653	-1.47820	-1.53260	-1.57250	-1.60080	-1.62021	-1.63311	-1.64141	-1.64659	-1.64971	-1.65154	-1.65259	-1.65316	-1.65347	-1.65363	-1.65371	-1.65374	
-1.65377	-1.65377	-1.65375	-1.65373	-1.65367	-1.65356	-1.65334	-1.65293	-1.65219	-1.65089	-1.64866	-1.64498	-1.63907	-1.62988	-1.61606	-1.59590	-1.56749	-1.52873	-1.47767	-1.41272	-1.33312	-1.23922	-1.13290	-1.01772	-0.89892	-0.78313	-0.67783	-0.59055	-0.52806	-0.49541	-0.49534	-0.52786	-0.59025	-0.67744	-0.78269	-0.89845	-1.01726	-1.13246	-1.23882	-1.33277	-1.41244	-1.47744	-1.52855	-1.56735	-1.59581	-1.61599	-1.62984	-1.63904	-1.64496	-1.64865	-1.65088	-1.65219	-1.65293	-1.65334	-1.65356	-1.65367	-1.65373	-1.65375	
-1.65377	-1.65377	-1.65376	-1.65374	-1.65370	-1.65362	-1.65347	-1.65318	-1.65266	-1.65173	-1.65016	-1.64756	-1.64338	-1.63689	-1.62712	-1.61288	-1.59280	-1.56541	-1.52933	-1.48344	-1.42719	-1.36084	-1.28571	-1.20432	-1.12037	-1.03855	-0.96414	-0.90247	-0.85831	-0.83524	-0.83519	-0.85817	-0.90226	-0.96386	-1.03824	-1.12004	-1.20399	-1.28540	-1.36056	-1.42695	-1.48324	-1.52917	-1.56529	-1.59271	-1.61282	-1.62708	-1.63686	-1.64336	-1.64754	-1.65015	-1.65173	-1.65265	-1.65318	-1.65347	-1.65362	-1.65370	-1.65374	-1.65376	
-1.65378	-1.65377	-1.65377	-1.65375	-1.65372	-1.65367	-1.65356	-1.65336	-1.65299	-1.65235	-1.65125	-1.64942	-1.64650	-1.64196	-1.63512	-1.62515	-1.61109	-1.59191	-1.56665	-1.53453	-1.49514	-1.44869	-1.39609	-1.33911	-1.28034	-1.22306	-1.17096	-1.12779	-1.09687	-1.08072	-1.08069	-1.09677	-1.12764	-1.17077	-1.22284	-1.28011	-1.33888	-1.39588	-1.44849	-1.49497	-1.53438	-1.56654	-1.59183	-1.61102	-1.62510	-1.63508	-1.64193	-1.64649	-1.64941	-1.65124	-1.65234	-1.65299	-1.65336	-1.65356	-1.65367	-1.65372	-1.65375	-1.65377	
-1.65378	-1.65377	-1.65377	-1.65376	-1.65374	-1.65370	-1.65363	-1.65349	-1.65323	-1.65279	-1.65202	-1.65076	-1.64873	-1.64558	-1.64083	-1.63392	-1.62417	-1.61087	-1.59335	-1.57106	-1.54375	-1.51152	-1.47504	-1.43552	-1.39475	-1.35502	-1.31889	-1.28894	-1.26749	-1.25629	-1.25627	-1.26743	-1.28884	-1.31875	-1.35487	-1.39459	-1.43536	-1.47489	-1.51139	-1.54363	-1.57096	-1.59327	-1.61081	-1.62412	-1.63389	-1.64081	-1.64556	-1.64872	-1.65075	-1.65202	-1.65278	-1.65323	-1.65349	-1.65363	-1.65370	-1.65374	-1.65376	-1.65377	
-1.65378	-1.65378	-1.65377	-1.65377	-1.65375	-1.65373	-1.65367	-1.65358	-1.65340	-1.65310	-1.65257	-1.65170	-1.65031	-1.64814	-1.64488	-1.64013	-1.63343	-1.62429	-1.61225	-1.59693	-1.57816	-1.55602	-1.53095	-1.50379	-1.47577	-1.44847	-1.42364	-1.40306	-1.38832	-1.38062	-1.38061	-1.38827	-1.40299	-1.42355	-1.44837	-1.47566	-1.50368	-1.53085	-1.55593	-1.57808	-1.59687	-1.61219	-1.62425	-1.63340	-1.64011	-1.64487	-1.64813	-1.65030	-1.65170	-1.65257	-1.65309	-1.65340	-1.65358	-1.65367	-1.65373	-1.65375	-1.65377	-1.65377	
-1.65378	-1.65378	-1.65377	-1.65377	-1.65376	-1.65374	-1.65371	-1.65364	-1.65352	-1.65331	-1.65296	-1.65236	-1.65142	-1.64994	-1.64772	-1.64449	-1.63992	-1.63370	-1.62550	-1.61508	-1.60230	-1.58722	-1.57015	-1.55166	-1.53258	-1.51399	-1.49709	-1.48307	-1.47304	-1.46780	-1.46779	-1.47301	-1.48303	-1.49702	-1.51392	-1.53251	-1.55158	-1.57008	-1.58716	-1.60224	-1.61503	-1.62547	-1.63367	-1.63990	-1.64447	-1.64771	-1.64993	-1.65141	-1.65236	-1.65295	-1.65331	-1.65352	-1.65364	-1.65371	-1.65374	-1.65376	-1.65377	-1.65377	
-1.65378	-1.65378	-1.65378	-1.65377	-1.65377	-1.65375	-1.65373	-1.65369	-1.65361	-1.65346	-1.65322	-1.65282	-1.65218	-1.65119	-1.64969	-1.64751	-1.64443	-1.64023	-1.63470	-1.62767	-1.61905	-1.60888	-1.59737	-1.58489	-1.57203	-1.55949	-1.54808	-1.53863	-1.53186	-1.52832	-1.52832	-1.53184	-1.53860	-1.54804	-1.55944	-1.57197	-1.58484	-1.59732	-1.60884	-1.61901	-1.62764	-1.63468	-1.64022	-1.64442	-1.64750	-1.64969	-1.65119	-1.65218	-1.65282	-1.65322	-1.65346	-1.65361	-1.65369	-1.65373	-1.65375	-1.65377	-1.65377	-1.65378	
-1.65378	-1.65378	-1.65378	-1.65377	-1.65377	-1.65376	-1.65375	-1.65372	-1.65366	-1.65357	-1.65341	-1.65314	-1.65271	-1.65205	-1.65105	-1.64959	-1.64753	-1.64473	-1.64103	-1.63633	-1.63057	-1.62377	-1.61608	-1.60774	-1.59914	-1.59076	-1.58314	-1.57682	-1.57230	-1.56994	-1.56993	-1.57228	-1.57680	-1.58311	-1.59073	-1.59911	-1.60771	-1.61604	-1.62374	-1.63054	-1.63631	-1.64101	-1.64471	-1.64752	-1.64958	-1.65104	-1.65205	-1.65271	-1.65314	-1.65341	-1.65357	-1.65366	-1.65372	-1.65375	-1.65376	-1.65377	-1.65377	-1.65378	
-1.65378	-1.65378	-1.65378	-1.65378	-1.65377	-1.65377	-1.65376	-1.65374	-1.65370	-1.65364	-1.65353	-1.65336	-1.65307	-1.65263	-1.65197	-1.65100	-1.64964	-1.64778	-1.64534	-1.64223	-1.63841	-1.63391	-1.62881	-1.62329	-1.61760	-1.61205	-1.60700	-1.60282	-1.59983	-1.59826	-1.59826	-1.59982	-1.60281	-1.60699	-1.61203	-1.61758	-1.62327	-1.62879	-1.63389	-1.63839	-1.64221	-1.64533	-1.64778	-1.64964	-1.65100	-1.65197	-1.65263	-1.65307	-1.65336	-1.65353	-1.65364	-1.65370	-1.65374	-1.65376	-1.65377	-1.65377	-1.65378	-1.65378	
-1.65378	-1.65378	-1.65378	-1.65378	-1.65377	-1.65377	-1.65376	-1.65375	-1.65373	-1.65369	-1.65362	-1.65350	-1.65332	-1.65303	-1.65259	-1.65196	-1.65106	-1.64985	-1.64824	-1.64620	-1.64370	-1.64074	-1.63740	-1.63378	-1.63005	-1.62641	-1.62309	-1.62035	-1.61839	-1.61736	-1.61736	-1.61838	-1.62034	-1.62308	-1.62639	-1.63003	-1.63377	-1.63739	-1.64073	-1.64369	-1.64619	-1.64823	-1.64984	-1.65106	-1.65196	-1.65259	-1.65303	-1.65331	-1.65350	-1.65362	-1.65369	-1.65373	-1.65375	-1.65376	-1.65377	-1.65377	-1.65378	-1.65378	
-1.65378	-1.65378	-1.65378	-1.65378	-1.65378	-1.65377	-1.65377	-1.65376	-1.65375	-1.65372	-1.65367	-1.65360	-1.65348	-1.65329	-1.65301	-1.65260	-1.65201	-1.65122	-1.65018	-1.64885	-1.64723	-1.64531	-1.64313	-1.64078	-1.63835	-1.63599	-1.63384	-1.63205	-1.63077	-1.63011	-1.63011	-1.63077	-1.63205	-1.63383	-1.63598	-1.63834	-1.64077	-1.64313	-1.64530	-1.64722	-1.64885	-1.65017	-1.65122	-1.65201	-1.65259	-1.65301	-1.65329	-1.65348	-1.65360	-1.65367	-1.65372	-1.65375	-1.65376	-1.65377	-1.65377	-1.65378	-1.65378	-1.65378	
-1.65378	-1.65378	-1.65378	-1.65378	-1.65378	-1.65378	-1.65377	-1.65377	-1.65376	-1.65374	-1.65371	-1.65366	-1.65358	-1.65346	-1.65328	-1.65302	-1.65264	-1.65213	-1.65146	-1.65061	-1.64956	-1.64832	-1.64692	-1.64541	-1.64385	-1.64232	-1.64094	-1.63979	-1.63897	-1.63854	-1.63853	-1.63896	-1.63978	-1.64093	-1.64232	-1.64384	-1.64540	-1.64692	-1.64832	-1.64955	-1.65060	-1.65146	-1.65213	-1.65264	-1.65302	-1.65328	-1.65346	-1.65358	-1.65366	-1.65371	-1.65374	-1.65376	-1.65377	-1.65377	-1.65378	-1.65378	-1.65378	-1.65378	
-1.65378	-1.65378	-1.65378	-1.65378	-1.65378	-1.65378	-1.65377	-1.65377	-1.65376	-1.65375	-1.65373	-1.65370	-1.65365	-1.65358	-1.65346	-1.65329	-1.65305	-1.65273	-1.65230	-1.65175	-1.65109	-1.65030	-1.64941	-1.64844	-1.64744	-1.64647	-1.64559	-1.64485	-1.64433	-1.64405	-1.64405	-1.64433	-1.64485	-1.64558	-1.64647	-1.64744	-1.64843	-1.64940	-1.65029	-1.65108	-1.65175	-1.65230	-1.65273	-1.65305	-1.65329	-1.65346	-1.65358	-1.65365	-1.65370	-1.65373	-1.65375	-1.65376	-1.65377	-1.65377	-1.65378	-1.65378	-1.65378	-1.65378	
