42.91394	-87.55427	-136.24256	45.09742	-110.92513	-16.44312	-16.47045	-135.83925	99.72417	-14.99970	59.81833	28.75103	-137.18765	-62.04306	58.97062	80.75428	47.07127	-3.75599	-7.59226	-7.23759	-88.48071	56.86191	57.43818	-71.81665	-21.55274	69.49648	67.53266	-31.17481	30.14970	75.87780	153.81988	11.39047	-12.27168	41.89732	4.17392	3.96037	28.45751	-33.95248	32.84784	29.77733	-110.53185	-4.48348	-34.30530	37.57861	4.32710	31.79924	152.97710	-28.77198	39.14725	36.95771	46.52919	52.91967	15.97178	-5.39248	81.14457	-0.00000	76.93549	-0.00000	
-51.37894	28.41088	73.23511	12.65076	-24.58136	27.16478	83.80863	68.11855	29.56533	3.73926	-35.00448	-67.34942	-6.80096	78.82750	-85.55365	-54.16444	-23.09205	34.76580	-90.59098	-64.30900	3.73363	-7.53456	-50.94273	-6.58440	13.87087	-49.13991	-60.17666	-68.72498	-0.00000	-3.76741	19.46275	33.86834	21.43733	-22.73892	54.43198	0.00000	78.76717	-26.70215	143.30901	37.70576	104.89586	-118.63451	122.76146	11.90106	80.18591	-18.36418	9.53850	131.77110	92.72715	-40.76011	-28.44660	33.31253	186.15197	55.60234	185.42199	41.87841	-71.47042	109.57674	
61.04468	-32.43452	59.29259	-116.53384	14.56327	-106.47224	-47.39611	-17.40647	18.33944	-21.36702	-35.71017	-10.60833	-47.98548	66.69373	-10.25737	-10.80870	-62.14031	-0.00000	56.10495	-48.43260	-38.18555	7.10379	6.96416	63.35633	127.51462	-30.30737	-25.36458	48.84004	53.56195	17.48590	7.15504	-116.05973	56.29713	62.11009	53.21412	34.26837	-39.69224	4.25278	-13.09362	45.39803	49.19959	37.07849	-12.73443	-18.06260	13.23695	12.75941	8.87168	-29.69299	43.73460	120.52026	-17.34922	108.95071	80.29942	118.91505	116.31916	56.59330	97.53012	-5.07170	
35.37163	96.90532	-113.65428	66.15675	-6.96324	45.03289	-95.00218	-127.75700	80.15672	-0.00000	16.98309	-26.65124	-3.33657	43.86894	-30.55622	10.97038	-96.21086	8.30619	-22.01511	-59.00156	-67.07393	-71.54385	49.32573	-40.44517	-7.61559	12.01652	-91.60768	0.00000	0.00000	-36.60647	15.35253	32.58234	-3.57715	-49.79050	66.94182	-19.14573	-17.39615	67.80869	4.13214	104.77225	68.47025	39.09497	72.00714	136.69754	-0.00000	77.27855	-9.14889	46.14327	50.43180	45.13224	5.88068	91.99908	79.19636	54.37826	-52.24651	-128.27305	-95.54473	-23.79311	
-47.30456	-90.01949	24.03605	-39.71574	19.34122	-43.20125	-49.63707	95.88264	-7.46647	-20.37252	115.48031	51.39113	-24.13056	30.36612	-0.00000	3.74491	-95.12787	4.41193	83.41575	-148.12994	-114.03046	-40.86951	-83.37976	8.30619	-39.27242	-57.73756	-64.99346	30.52100	-68.71574	-8.48995	12.03598	52.93693	-59.66096	45.32250	30.78228	-39.62165	44.00487	0.00000	-37.74248	70.53507	30.29790	-48.41554	-15.72987	-125.58501	70.26838	9.23586	84.77985	154.39157	84.85984	83.80163	-31.25354	82.40722	37.11624	98.16920	210.05904	115.42573	42.78829	-59.49220	
-24.14212	27.55317	8.19624	38.15769	32.63145	-24.95286	-101.46770	19.64796	-50.89182	31.34675	-33.76562	3.38688	-31.86472	13.90977	32.25270	-7.97081	-35.46100	-39.39992	16.28604	-86.63490	-0.00000	-12.43599	-59.81610	-23.61145	-39.42983	-52.63664	14.73640	25.90724	8.22345	-54.67143	-0.00000	41.96833	76.78349	0.00000	-8.71406	40.19730	-106.60398	-12.09196	48.55656	-13.30474	9.13360	31.05816	-8.59307	83.37871	67.62885	61.66389	-61.71477	99.79954	-24.75351	60.27731	-33.06865	84.40412	30.13212	-5.61290	-6.14321	-24.03109	-84.27948	56.87618	
45.85656	71.34165	42.54523	48.38199	67.39873	50.62101	47.83986	-43.40768	-90.94764	62.51619	20.35257	7.09363	-7.08255	-11.11562	-45.67931	56.56251	18.86996	21.75074	54.12996	0.00000	-28.11798	-78.24889	-27.34128	-24.07091	13.75179	19.80502	-7.45524	94.43837	101.14372	-52.84162	-21.48026	-24.70395	-77.43298	60.63378	-158.26611	56.08851	34.09143	-36.44647	75.46802	-4.73211	46.24583	66.31386	3.90420	37.14027	-43.63461	56.40436	83.33352	121.08290	-41.84495	-45.93157	-47.78578	44.39452	25.10872	74.90969	-96.67656	101.26282	-40.09864	-0.00000	
33.12241	-62.51366	54.82956	-42.25240	38.15769	-39.84349	-11.67411	-50.64540	-64.35816	42.70030	-33.84649	-29.77047	-52.64285	0.00000	-60.53580	-7.78302	-7.65085	63.39860	-15.12069	-112.67121	124.38931	-8.36095	17.22036	-31.37705	-46.76036	102.57251	4.01818	-30.28040	-8.93421	40.29717	86.42693	39.42955	-4.28926	-44.71336	-15.33954	-4.77780	32.09380	13.05086	153.31474	82.42604	-126.12806	101.79119	-55.54508	-67.77313	-36.69672	-21.80462	59.12329	16.99685	-45.81792	-68.03946	-80.93601	-117.30323	-4.94989	-65.53752	-30.54882	-28.94028	9.01712	34.56741	
66.94182	-52.84162	4.86277	13.65065	17.97043	-125.16234	-12.01376	42.29748	-65.31484	-21.66826	-46.84078	40.45994	39.74584	48.26982	-85.30256	38.27238	-37.93522	-14.73044	-19.63975	84.13908	-35.09558	38.02746	-137.38640	-27.69831	-91.26776	-35.03350	-26.04656	65.29363	17.93787	54.10848	61.82592	51.10291	-30.98427	77.90521	16.46833	19.84415	61.79886	63.63324	0.00000	45.68625	49.77644	-42.58385	-8.83851	150.45110	-27.74403	-32.48910	0.00000	-39.04086	-33.43641	125.81211	42.14994	47.22036	48.24427	-104.90613	-36.92839	4.11156	30.75776	-121.55889	
-8.88610	-68.85121	31.34152	-0.00000	38.53736	126.43248	-13.98121	-83.37508	35.05692	-13.62205	34.56741	34.50718	-45.13332	78.35619	-35.46100	-70.67683	13.26059	-19.40860	41.57595	80.73642	-58.80139	-40.04903	101.56394	20.25037	9.25313	158.77682	-13.64709	51.68120	-4.18771	-39.15088	19.77341	43.98133	53.10140	35.37163	50.85168	99.30801	-9.72421	-37.34642	76.98716	31.62508	-91.60567	-4.40371	84.81330	35.08487	-15.33954	-70.67565	-71.95960	-34.91995	46.37116	49.33015	-82.89799	77.57926	-42.02657	-14.41568	-65.09808	-20.25069	-23.27279	11.65840	
137.03250	-36.69672	-89.75267	5.03092	30.13212	-34.64047	-29.28287	13.88035	13.47720	78.42248	30.56509	4.16690	-62.05254	-158.46466	-16.74893	20.90841	-12.93400	-4.29671	54.51753	-28.07367	-80.95045	4.81544	66.25612	45.66981	97.17170	-30.12250	13.16655	-0.00000	90.45961	16.42101	-36.38541	82.57887	76.01342	-24.54868	163.81072	69.18780	86.93072	-22.45449	62.76378	-87.51341	21.26756	-84.22126	65.87284	180.20618	-74.65780	22.38285	-47.66916	-60.33894	-29.28287	-26.04842	58.09109	-26.43839	51.01113	-13.30474	-16.58072	-43.40509	4.23822	-72.88689	
50.35059	20.20900	-85.48385	66.53039	-39.98766	19.53077	52.13469	117.26458	-56.92048	9.20152	61.58712	-59.61035	-34.36482	50.79757	-70.32263	22.88885	39.05661	-4.08412	-16.14831	68.91854	-31.09548	-28.94028	87.56925	18.03591	-45.58647	41.61568	149.39467	69.52821	45.47381	70.39328	82.25733	19.26459	89.86260	114.46118	35.94261	-32.01489	86.21297	77.26999	-109.92214	31.22608	8.37643	66.10742	-112.86380	-76.84904	-39.74666	-4.73211	-33.18016	60.18000	-4.53274	9.48366	-22.57739	-8.68349	-12.13144	-137.85201	-80.13233	34.68850	-79.04107	-72.15166	
94.14752	52.69010	48.74682	64.26923	82.74296	88.01265	52.86463	-3.97915	-53.58628	-35.60034	-12.45684	96.59610	4.33468	-102.51826	-25.77904	59.90333	8.01069	-17.55032	52.43420	25.30488	-63.05750	-49.08813	59.84411	46.16745	-28.67729	87.15119	-25.50982	77.68273	83.45851	83.35165	84.94158	-59.22559	0.00000	-25.25386	35.20487	-9.04853	27.92143	82.27377	116.95800	100.87496	-32.43452	0.00000	44.93959	42.77389	14.44772	37.80130	-4.54106	-8.51916	16.50307	-7.81986	85.16972	32.05089	8.07598	39.02649	-22.09371	-46.76804	95.66994	-139.60549	
-96.91070	-27.80204	-0.00000	-45.31214	64.61194	-39.27501	23.31964	49.61024	-4.47537	-13.13995	46.48260	34.32776	52.86463	34.23219	-14.51661	15.25801	-61.23424	48.71573	38.28881	17.34098	17.74497	-65.09796	-24.66295	100.99312	-8.34686	57.50050	52.31833	27.15543	69.60214	71.13102	-29.70942	70.53507	100.40980	150.21343	-3.94117	-54.27176	74.66449	-42.65721	65.72170	9.05010	-4.73211	-41.31181	-86.11628	9.23586	54.03148	13.07383	-69.68044	-13.13995	60.83038	-99.59679	-20.51911	46.32449	-30.33340	-18.09562	4.61772	-93.51003	-61.60782	22.83723	
-0.00000	126.56841	41.82655	12.54395	-8.03545	30.19562	42.62823	70.65346	-34.42455	36.41225	-3.99197	32.15490	11.23556	-26.48740	-37.89361	35.09406	72.50175	7.85823	15.89418	32.15490	-52.17437	100.34151	-4.14564	48.00760	-8.60801	82.29022	-64.98415	-66.43906	44.09249	81.54887	79.40397	-25.46609	15.97103	60.59750	37.70576	71.53779	-4.07740	44.22359	159.11772	43.06323	64.57142	-26.89558	38.48721	-8.26331	72.97405	3.86161	-17.27477	-37.84628	-48.51049	-56.92048	-45.39526	26.71575	-53.16017	36.05888	39.23266	73.61947	-169.43252	36.21090	
-25.42252	-60.53580	70.99351	-27.89305	32.41791	0.00000	16.17966	-21.82105	104.77225	-3.65089	-7.10283	-7.37758	-3.76741	52.45674	-0.00000	16.83973	38.75119	-28.32499	26.10210	24.43117	-35.47279	-83.98952	-42.32903	-4.05072	-25.20685	-45.35876	128.11188	172.81370	49.74983	-39.02754	30.80555	11.71351	-50.17829	38.39097	27.16478	117.32220	-25.58898	27.43890	87.13526	40.06726	120.41101	25.17624	-16.14831	-30.69214	-77.30468	-58.30689	13.07383	-304.15276	-9.32120	-12.58344	80.32283	-26.13823	46.28846	64.54418	-134.04829	-173.68951	-62.74006	-28.22490	
-19.30397	-35.91707	-51.77877	30.90159	47.02048	68.58177	57.59602	-12.77825	81.72249	-14.18444	-19.21416	7.74766	0.00000	-25.59773	-40.42874	-27.10828	44.97008	-39.02968	-50.64540	19.93250	-12.33278	-4.00488	105.37926	-7.52312	55.12402	98.46368	41.90732	-17.85769	-37.04409	-74.25197	3.67823	18.12493	73.07703	-28.61095	101.45770	80.04424	6.93495	-13.65725	-7.00255	-53.53638	-50.65173	15.56957	-7.75865	-29.02967	-14.49539	56.84067	54.52752	-169.51257	42.39952	-135.40231	-16.36165	-72.62810	-44.76254	-4.36489	102.09235	-84.64290	-28.77198	-98.55595	
76.28907	-28.44684	-22.60068	-93.04849	64.28969	-48.04121	31.74287	56.56251	18.89873	-23.05625	49.52756	-52.54353	12.84768	12.11446	62.11655	45.86570	83.13724	-39.28711	67.55927	83.16333	50.63156	-42.73083	70.77547	46.01148	37.57861	35.94261	33.21284	-71.43531	-7.54603	18.64287	41.80064	0.00000	-39.79593	56.63437	-3.64552	23.29955	70.31499	-20.91650	-46.82411	-18.72070	-18.60827	-78.09034	56.45734	42.94682	82.47513	-68.27008	-44.57761	-70.80161	-46.97836	-7.79526	-51.81039	-45.31214	41.11541	-32.25333	5.07219	-48.22675	-70.82306	-138.92864	
-36.98882	46.46063	7.85823	77.53996	72.97353	-7.16439	-3.84933	22.85367	-37.15514	4.08444	36.47777	-9.06511	16.55824	4.11839	128.84373	18.67096	61.13821	-27.57701	-65.96727	32.88595	147.71687	-8.54857	60.93734	91.92864	-51.99174	-38.79377	40.06726	-15.39572	3.87368	-29.20062	-17.83200	78.20677	-7.29079	-29.59277	-10.74624	13.69852	0.00000	38.15496	42.51727	60.33199	97.74344	154.62210	-3.64552	-48.58905	-11.52927	-91.45388	8.46230	-28.44207	-11.00053	-3.98555	-40.33913	-28.38682	-112.41761	-46.78110	-75.57043	-93.60312	-38.81114	-87.55427	
22.85367	-26.73230	-38.42237	67.33961	-0.00000	92.81083	85.08080	44.75591	58.87719	35.24410	21.83014	111.67972	24.43117	-8.34686	-33.04629	81.72249	78.07238	55.61767	29.37363	-109.18084	100.39746	33.74299	44.65393	46.48260	8.70019	105.45457	13.00515	56.47040	-23.27279	-53.61913	-37.26687	37.83749	-0.00000	3.64042	-25.40171	10.84244	63.61068	-79.92229	37.78509	-38.07403	-55.91978	-45.56656	14.73640	-59.30438	17.55619	69.52821	18.40477	-59.18583	-53.48130	47.85303	-43.23699	55.14647	-25.93911	-106.84425	-70.84010	-20.92784	-87.81493	-8.82276	
-36.07384	96.69833	-7.09267	97.53267	46.86291	38.20839	201.70582	-32.29229	7.85823	-4.31167	41.47628	32.20716	-36.20968	23.31964	47.77613	-74.18065	-32.60971	116.08105	68.68422	-61.96393	13.52630	-16.66440	-49.89623	47.37197	-61.40584	34.74936	-44.02262	66.71771	-8.00947	34.23219	-14.36938	-90.59594	-73.59413	-32.94676	34.44413	-51.69752	26.38130	-27.61538	33.97243	-46.57002	-10.41529	21.53039	37.46246	37.64208	116.99809	-59.71305	75.70320	-11.49362	-73.71862	32.76154	-34.43379	-4.69618	-101.16000	-21.24251	-16.57355	-78.44778	52.08500	75.49390	
-15.93131	3.36849	113.60700	17.19498	-7.21652	69.34478	61.30583	146.32985	-0.00000	3.94775	62.21403	-31.27318	26.26012	-18.69246	17.78689	128.55828	98.46724	-141.54329	-29.40699	95.63561	-4.60871	-59.00832	134.89778	-126.70128	62.92933	-69.87716	4.30453	88.20232	-3.91625	51.59874	-32.89818	18.25840	-48.15338	37.99556	-56.31893	-25.92054	-0.00000	-10.27153	68.63110	-39.79593	35.71233	3.78494	37.34956	-32.55758	-0.00000	11.99712	-31.15139	-76.31641	-46.33018	-5.03043	121.16761	-5.09259	110.60128	-51.32967	20.33362	-125.92284	81.77738	9.80310	
73.94732	19.83730	64.21947	35.88965	-15.56495	27.12230	34.12743	107.63830	48.43131	-19.12519	-62.23787	60.31062	23.54120	18.04578	27.70708	47.96307	60.83688	50.32684	-19.64060	103.25691	4.29706	-26.18431	54.93099	14.30845	64.45128	-30.49353	-22.01511	4.14597	-7.84462	-48.80987	-51.54340	-175.82592	-0.00000	6.93495	40.38296	-6.88591	-61.31462	-63.43753	33.31203	-92.18295	-49.56335	-80.85880	-64.15177	-30.01815	93.08114	-66.85644	13.88035	33.20117	-19.25751	88.13653	33.45775	-18.92604	-90.89833	4.50016	-45.35110	-76.19139	-64.82135	85.07104	
79.17119	77.21055	53.42603	0.00000	3.67278	103.56935	-64.05381	-22.50482	16.98309	49.37947	78.77271	22.40603	-23.05625	7.72352	-20.91650	66.87349	-30.43129	39.14032	-11.84149	31.44075	105.04823	-9.16583	37.16255	132.10722	39.02649	36.47777	-47.48616	13.52630	-81.90584	-53.69210	-69.46895	-60.34896	37.16752	-52.42603	-45.12483	-15.39572	58.41446	-12.31235	-89.73491	-28.28461	14.08753	-51.47159	-11.86039	71.02454	34.99498	-4.45122	91.42700	-44.17976	31.22608	-24.11785	-23.74743	95.12582	-126.22231	-46.85661	87.12956	30.94921	-0.00000	27.82123	
42.31521	11.51395	57.59970	95.86740	30.82731	13.54890	6.59397	49.28151	-58.81116	-44.03904	63.70642	88.75713	-37.89361	46.12821	-56.92700	32.89161	-32.23289	89.42913	-134.53685	19.04395	-48.51164	-72.48656	-18.06260	21.15852	14.33609	-212.45099	-45.44370	-41.62063	-25.73074	0.00000	-36.76936	6.82055	-97.42474	0.00000	-107.17421	-59.75691	69.37276	-36.62612	-7.37758	-100.62026	-67.26888	-131.63302	12.52281	-9.32120	-126.22231	-25.64191	-32.77298	15.79286	-16.86299	-13.90266	-125.34018	-70.27413	59.73299	-49.93318	21.41472	-4.24514	36.21090	-96.58184	
99.83400	91.13754	63.61068	77.64737	16.18553	-72.87579	16.68613	-11.67411	7.75979	-65.10407	85.82748	3.79654	25.01117	59.14498	-41.09649	-72.87328	-26.56853	0.00000	45.64894	11.51395	-46.39196	66.27133	13.35599	-143.72013	55.14647	-37.57316	61.92127	-27.75008	-53.07254	55.12295	-6.85736	-50.42468	-21.83748	-103.86141	39.74584	-141.54329	-15.30066	-3.74464	0.00000	-13.73286	33.91984	-8.26331	54.42758	46.02615	-55.95456	-10.79302	46.54892	28.58531	-29.11068	13.88035	0.00000	13.60063	100.97342	40.45994	-7.89461	-12.45684	77.41281	83.16333	
59.93870	53.92576	-16.83932	34.88758	32.08376	6.70081	30.99852	0.00000	-36.12640	37.92101	82.58902	80.75428	70.48409	-59.92006	43.86894	3.43852	-0.00000	-64.21098	-18.17178	-61.85454	-11.86039	-18.22891	-44.26873	110.27513	-32.48910	70.62419	-39.90700	25.61023	7.59336	-91.19337	-116.81247	-12.11166	-108.21049	-110.18279	-85.03161	-63.34217	-47.46087	-86.23482	-23.44640	-61.67351	-18.69246	-84.18950	12.60782	-148.12994	-76.02281	31.51357	-52.17143	71.60356	0.00000	26.29013	38.09231	-51.73653	16.10079	58.54014	-46.68331	31.51004	14.44772	-14.03408	
-26.40312	93.45853	-32.74091	-56.11068	57.53300	0.00000	32.99148	28.79991	27.59151	163.32512	68.02020	94.91593	-103.83753	72.56793	-20.04337	-10.27153	59.56479	69.49648	0.00000	-58.10344	-4.03752	-123.90332	5.24431	-48.51522	-5.69044	11.30466	-172.41521	-40.63349	-117.55895	-18.12876	-108.11670	51.95234	-167.79178	18.47613	-80.91573	-51.01761	-89.71355	-159.09898	-55.55876	-105.80288	-67.15742	-71.43531	-76.35183	-17.62918	-132.71122	-40.02631	19.73214	-42.97367	105.14724	-40.26621	-104.29552	-110.29624	-41.36557	82.71432	-4.12493	44.21815	25.57615	-5.08212	
98.46724	53.85260	40.16505	71.35558	-29.94164	83.86529	-18.18377	109.99246	-6.79166	6.82055	58.65331	-65.47763	48.16263	-51.19956	46.05524	-42.91169	-66.36826	-64.35816	-53.55831	-14.99970	-127.18392	-19.48505	4.85323	68.12792	-10.69115	28.33153	-99.60970	-54.31853	-9.66720	-14.75974	-91.42887	62.13933	-26.93987	-96.47084	64.09408	-34.00127	-70.23479	-85.57474	-37.66327	-21.33638	-109.19125	-7.06238	-14.02402	-39.75920	-15.59116	0.00000	-42.61622	-51.34085	0.00000	-28.11920	43.44364	51.29370	-0.00000	33.28937	54.75271	-22.41382	-4.55779	-17.12541	
10.30198	47.89692	44.53532	-20.01642	-13.02975	-3.21136	15.67456	-66.69860	-103.22023	-34.51734	103.42791	-49.84543	25.22930	36.32656	-21.99217	-0.00000	-7.04232	-39.39358	-22.19592	-56.31804	42.18282	-46.60035	58.37180	-84.16296	-5.03043	75.21916	-49.98095	-49.08813	65.79801	56.39158	-147.78563	22.14257	-62.26056	-101.81548	-20.75991	20.83803	8.33414	20.80302	-0.00000	-56.74600	-98.94619	-35.60761	16.79910	-17.16556	-30.76675	-19.72473	46.17767	-16.24408	-20.40044	109.15495	39.82614	-3.70546	-26.44703	3.86161	33.71478	28.78827	40.39395	49.91504	
66.86179	-27.69246	62.02698	43.46329	0.00000	30.50696	45.39337	14.10757	80.16076	-29.68135	-34.42104	85.82748	7.14473	35.66220	-36.49558	-13.45359	-69.99218	-72.42424	-54.03673	-57.18246	-68.50861	-85.43145	-20.72516	75.96126	75.57482	70.77110	39.45952	-61.13935	-13.25724	-49.75066	-87.67663	130.94207	-32.01489	32.27319	44.53526	-103.05090	34.38736	-123.01712	-108.75975	-75.84532	-60.34896	15.18788	37.12579	41.08628	6.70081	-6.54964	40.82599	29.75913	43.39675	-21.90178	14.75833	51.17907	17.41225	22.07350	7.57016	-16.89175	-65.85762	34.12743	
-7.23759	36.18211	9.08311	3.00191	-78.51253	12.24553	42.25979	-44.12081	15.21118	7.85823	69.39924	-3.48662	-66.26968	-58.58781	-83.34717	-14.62364	-120.36265	-48.91080	14.37332	-52.27868	43.57581	3.83176	-3.84933	-8.06160	-55.38524	92.41304	48.27117	21.60156	58.17589	118.68438	4.90131	9.53850	81.82035	-29.45724	-17.55032	-55.83416	39.09497	12.19398	-22.70420	-7.30153	-36.20968	-86.86656	3.84364	-86.50525	-97.61589	-0.00000	16.93671	-6.98284	20.13237	44.68867	106.48316	-35.49897	114.37739	13.47531	30.44894	-45.60925	-4.13181	-42.29289	
47.96307	-100.92176	76.49822	-58.07986	24.00815	23.52041	120.14038	-34.10524	-22.91412	-30.68219	-26.57987	0.00000	-64.84695	-6.46435	-96.34332	-23.02055	-154.55865	10.58030	-76.39086	-126.45662	14.82453	15.02673	11.46070	-88.91635	9.03358	43.35696	50.45255	156.82529	94.60624	-54.31853	101.64003	71.45248	115.07512	121.33958	-17.24469	-4.41156	18.10187	-127.47587	-66.86096	-72.75610	78.71601	42.47225	46.59494	-97.53967	-50.09676	19.22274	50.41635	-13.69495	46.12821	-6.90508	49.55209	-24.63456	101.78530	33.97243	39.48024	4.05767	42.98846	126.26572	
109.57626	-38.82616	-31.28413	7.28110	108.84579	-44.43624	7.22804	-10.77738	50.62209	36.42351	-37.09074	-41.01910	-28.06115	-86.99196	-7.08255	-40.26600	-17.30929	-36.99019	-101.99235	-10.98428	-58.53327	-19.18441	-26.60928	107.09502	60.40868	69.60214	101.72971	175.73003	142.55843	193.45925	116.18555	155.58395	204.09826	48.79571	122.51642	106.97412	8.60943	131.88792	-15.13712	102.76577	13.28431	-28.21070	-33.99697	44.92389	-39.65331	-31.29617	51.60496	-21.36702	71.17963	29.77557	28.34889	-22.10405	79.30043	28.58531	27.33603	94.98489	4.07771	-20.38402	
104.38311	3.59294	-25.29066	-14.04388	10.41735	19.34760	12.74850	-98.82288	57.14324	-19.77713	31.95984	-29.00838	-102.26358	-96.18032	-52.86607	-68.44688	-220.57105	27.06472	3.52151	-30.27039	-43.96798	-48.35381	7.79642	119.65175	202.57328	169.81022	116.12683	115.65091	204.74257	223.22893	224.10606	259.07157	164.31135	133.79171	189.28739	132.74089	31.34132	18.86996	93.44128	3.90420	31.74287	-34.90591	-104.52713	-13.34505	22.63177	6.60275	-41.88493	-30.34856	-41.41290	-18.07352	70.74709	-11.91956	10.40279	98.43635	-8.08792	15.86873	41.97184	-45.89368	
-48.00990	-35.30346	25.63207	-69.56462	-2.97300	-55.66380	3.06110	3.42428	-17.73001	16.03911	28.46963	-10.24325	-77.12991	-30.56429	-90.56517	-111.78012	-129.78486	-63.71503	-92.28179	-49.40869	-152.69955	35.59829	64.86110	189.98000	181.36655	234.88165	228.30952	224.29552	303.32377	203.18591	301.57976	301.26240	242.29102	314.76721	179.42147	120.63968	98.25991	139.64533	64.86324	66.39074	19.58583	11.65840	14.12766	-67.25328	72.60961	52.25999	-65.63993	-6.83846	-31.32803	-15.99289	-30.86821	60.82281	10.35934	-53.53638	147.71483	65.38736	81.88298	-75.30768	
-108.77408	-3.21969	-71.22959	-32.69463	-62.17692	-34.71105	-3.27061	-21.24499	-93.86916	43.62693	-33.91205	-50.77079	-3.05340	3.17460	-80.48619	-84.79501	-29.63699	3.61389	-155.73270	-34.47425	63.40827	-49.98015	37.38948	180.53876	237.39788	272.18356	201.60261	166.17886	290.46096	279.21383	351.49127	261.47713	255.83757	220.73948	165.93373	242.43357	142.02617	109.75878	88.07722	98.37125	76.74617	66.73416	-18.14519	-3.40526	-38.97860	12.57099	-3.34106	45.15903	-56.71914	-51.55426	-13.15057	94.24785	51.89286	39.02832	7.53564	68.73809	121.96901	56.29713	
-22.50482	12.20041	-48.15989	14.14007	-65.92631	-24.81922	-71.96705	49.67613	-62.19470	-2.96590	-117.56589	-68.67316	12.57099	-43.59532	-98.48724	-23.30927	-32.04774	-13.15057	-6.93404	57.42174	12.27455	-28.07367	208.54243	140.83742	321.46142	202.05711	395.70694	289.84781	338.82794	303.24800	412.92242	269.19116	339.63132	251.75354	299.60314	211.94349	182.26638	175.16756	144.33277	131.75174	147.61246	-30.22425	95.45916	48.07243	3.07627	58.14420	-32.70530	-38.00985	-181.61036	-13.77098	23.48860	91.41719	-26.68707	-59.49724	122.16761	-68.54145	-10.02256	140.71625	
-52.72566	-46.38538	5.57314	59.93139	28.76284	-86.58206	-36.84040	-20.97546	-40.42732	-11.66767	-121.44685	-132.64460	-113.22514	-133.21171	-110.75395	-33.24128	-22.74045	77.35617	-78.12186	45.86014	4.08444	97.49451	68.69366	238.49951	209.93178	190.91892	345.88946	315.63981	423.37862	300.61453	366.21276	353.87509	271.38354	317.08220	324.04470	178.71165	213.64562	211.66071	213.75863	193.19128	155.26494	58.73501	56.37943	40.10661	-6.46435	-41.30290	75.18873	77.17765	-18.74902	23.81063	-21.74455	18.97782	69.01118	-11.95578	4.19514	-22.32922	-108.51876	-14.95446	
9.48799	5.73383	-45.89760	-101.04441	-72.39257	-3.40526	45.67077	-70.99411	-34.59939	54.65956	-43.71349	-109.23787	-69.89354	-45.37418	-9.86322	-126.29097	-28.74709	-115.14660	-112.42893	-21.36902	4.45160	58.47025	220.75131	162.23636	317.29976	339.61748	295.15432	300.22430	390.31147	447.20222	341.93647	394.07867	394.28282	322.38272	344.91020	300.36095	263.66447	197.96453	192.55273	186.78452	109.26838	68.02036	34.97695	-9.39060	16.84472	-31.62244	-43.82655	-29.46088	-10.14551	-15.78946	30.24690	46.23913	11.60381	47.04464	146.91933	4.05104	101.38634	-88.75647	
3.19503	25.05015	-20.79957	7.18614	14.20860	-97.69892	-17.75540	-57.37536	-19.59495	-37.60181	-75.40592	-25.40171	-91.23696	-9.39060	-9.21633	-18.49982	-102.29699	-89.09378	65.38736	99.95426	-38.26087	159.26113	145.87245	251.28518	327.97742	339.20013	370.62738	325.64059	418.17929	466.88266	412.06791	401.59246	448.19756	417.28618	401.12677	302.39119	308.33382	220.08802	150.44291	216.88470	147.10044	80.15359	92.53419	43.51384	-14.04388	-52.48359	-7.16439	34.30124	20.02406	-16.28672	95.46204	60.87661	107.21495	36.41069	133.39258	47.77613	48.63602	-0.00000	
-37.66327	-59.92006	-30.64470	-47.57984	34.68495	-17.02420	-38.94363	10.61047	-17.45547	-53.25159	-18.83450	-10.71529	-79.92826	-101.90321	32.63212	-117.79565	-3.41934	26.10210	-21.14999	86.14060	128.64094	247.71997	248.47924	281.69886	419.04709	444.49714	389.38863	360.94211	451.14063	427.07916	447.26673	475.98484	466.03534	448.98125	337.43942	274.40818	234.16953	305.26280	239.65737	236.97494	150.24969	116.32759	83.06214	43.98861	108.08054	-48.72615	54.22040	147.93748	91.29257	-54.91383	22.10631	-42.36526	-50.96153	-64.73300	27.00727	-40.49484	29.27442	73.77457	
7.68758	15.44824	42.03657	-77.54664	-99.24588	-13.73286	-57.04536	-53.70213	-25.29066	-53.25159	-86.26453	-34.18436	-36.64256	-140.97080	-101.26179	-66.96728	-11.87935	11.75055	90.03078	164.62313	129.68991	116.78703	278.05501	305.80620	341.55241	273.39781	473.40846	530.89200	388.22011	465.99941	565.42996	519.90005	412.64755	444.48132	413.03714	272.68766	270.30126	254.34493	324.79819	214.97593	229.42318	185.32959	72.44044	59.14697	105.03164	62.71695	19.62810	-45.76059	-10.68451	-88.87669	91.77520	20.90841	44.37557	38.15769	21.12242	-109.23882	104.89586	61.15240	
35.03892	-45.60925	-61.37075	-154.30511	7.59336	-7.30153	7.35672	-52.55280	37.74773	-21.03476	-24.74975	-97.93264	-172.55256	-127.57436	26.62279	12.33568	-24.06394	-15.09103	123.02681	116.78703	111.09778	67.86762	235.60039	378.40656	418.75758	428.72298	388.56019	504.01626	530.46620	619.30157	533.41930	413.95642	470.76587	462.02429	366.17173	369.29614	291.65421	265.76883	150.31923	193.15512	212.86378	169.59039	136.96923	30.82731	-6.81030	67.41867	28.50316	-41.55472	-83.51363	11.90106	-101.64129	-48.99142	-41.30525	13.52630	0.00000	-35.49272	-24.94482	-49.98095	
22.43984	19.34122	-88.77148	76.90898	97.65471	-74.25197	27.37918	-53.78180	-110.18279	-48.65786	-106.47224	-97.93264	-72.87215	-60.34896	-63.24709	0.00000	80.16076	118.73988	97.54387	62.80545	105.80530	146.11442	314.67529	408.32459	343.01553	435.40666	489.30700	434.92594	540.89991	462.20928	526.54608	380.19702	367.46738	531.13400	440.54689	248.10813	345.65377	249.57911	320.51000	168.81247	193.89787	7.54711	157.36951	-6.30029	87.07641	-74.25197	68.58177	-56.52058	-50.83523	-34.18688	28.18001	-16.20112	-61.08114	-102.41722	-15.56484	-38.66467	20.45980	-89.94426	
-91.33343	26.37990	-43.61610	-106.23795	24.55226	7.99776	-58.90438	-3.77890	-32.80146	-88.48071	-105.56554	-158.86715	-20.97546	-20.26160	-92.99507	-70.68007	77.42374	60.24577	50.84286	195.36301	173.72775	296.79923	168.98577	304.14575	448.87660	420.31992	447.73002	527.41329	552.74317	472.58617	392.90867	452.47719	397.42275	478.70659	316.03798	385.12469	338.68008	248.61439	253.58466	213.74159	84.35716	93.78956	166.51739	81.95352	43.19621	24.96474	-12.97921	-93.41717	46.40341	-4.57464	-13.72277	-12.77825	-190.57188	112.87147	-15.59757	-15.79687	-56.69607	79.75398	
-54.54656	100.17203	-23.20015	23.84327	-71.93437	32.44024	-30.13239	48.19762	-85.68725	-138.59779	-79.92229	-122.23719	-34.04363	-6.79166	-57.89500	-57.98533	56.61847	24.97518	40.00139	183.85253	122.39696	318.13907	243.97881	311.58304	329.06700	460.88474	524.89914	519.80968	512.84860	385.25349	472.85885	436.71379	468.78746	323.07217	362.54311	292.26529	280.66586	277.44087	114.59157	174.19577	181.86759	130.51026	77.01851	-91.50754	65.92631	22.78363	110.58478	8.12899	0.00000	43.59405	-13.79929	8.52054	-9.48194	-18.88991	19.30217	14.33609	30.01024	66.11983	
119.29173	7.21752	-47.50381	-32.71886	76.69984	-125.95318	-33.84649	-23.20015	-129.56881	-148.75626	-6.42254	-3.16631	-22.18872	-60.27433	0.00000	-79.15723	88.89452	25.79172	108.07800	173.46054	143.74909	262.95585	315.59463	341.87383	447.90921	422.52592	431.36783	472.60880	449.77259	415.98406	502.16335	446.43646	399.47348	339.97861	321.71620	281.49946	217.96995	251.31866	155.09115	166.94842	228.22247	155.28067	75.01931	136.09705	46.92622	29.43369	-97.47312	-46.84078	-38.72634	-17.96428	18.20172	-66.72840	139.82320	42.69195	63.62271	100.58299	5.23321	11.40904	
-7.47773	11.30388	-55.15371	-20.58734	-4.15957	-126.93104	-143.42443	10.95422	-75.08136	-40.37675	50.75237	-125.14765	-77.63255	-27.05077	-131.84541	-97.31352	-100.17190	29.87857	47.69956	135.46040	131.82332	165.88027	307.06471	295.85555	522.99836	438.24271	473.32263	391.06661	459.33219	594.12004	442.26533	402.80003	452.93479	437.30972	355.48316	235.55433	209.63453	253.22064	211.20139	140.77637	127.18626	45.41883	93.58519	137.67915	85.36054	-52.87312	-66.64934	60.80414	74.93042	65.63992	-20.93541	-4.20192	29.37363	-4.03752	18.33659	-68.57848	-14.84835	-83.49863	
74.95975	3.64042	-105.49964	8.34819	32.95712	-43.99032	-7.04232	19.89030	85.90049	-57.28521	-3.11077	-35.82504	-153.74241	-67.15742	-80.29142	-62.58947	-7.07245	40.00316	125.40435	158.88584	239.59882	201.87983	274.87803	410.20815	432.18487	428.57710	508.36214	484.52576	554.17411	498.89614	554.53165	412.75311	478.34887	314.24321	458.38582	222.62948	337.00993	315.86991	83.47123	177.31663	134.43279	144.81942	78.53034	14.22097	-25.85452	92.84732	-30.97993	-60.75987	0.00000	67.05156	27.10168	42.33581	27.74582	-7.97081	-34.43379	-74.80272	-0.00000	-17.03703	
-137.82375	22.43984	26.37990	-35.51748	-34.00127	47.76517	-23.25803	73.16793	-10.03608	3.28814	-112.60198	-42.91169	-61.04819	-67.93211	-70.99411	25.52615	-73.19491	122.56985	58.16785	113.78565	254.65680	198.46542	293.71146	297.87940	400.88590	454.54168	488.33583	476.66334	543.76062	600.45010	493.48278	502.10132	433.51521	450.22712	385.55316	352.68367	235.60028	251.73066	217.86343	122.93081	119.18002	11.10953	41.62805	13.56903	61.34285	-26.43828	55.61767	-10.96808	-58.64781	-10.41529	-10.60833	60.33199	28.70942	-135.04362	26.10531	-12.45684	-25.07921	7.74766	
-37.99990	-0.00000	-60.89943	-44.51698	34.11257	-70.70504	-77.93731	-13.67608	-86.29815	-69.21086	-96.56824	70.77547	-104.34749	-37.60181	-100.38309	-79.41099	56.98162	14.24943	50.91744	153.38911	181.95752	258.23925	236.38204	350.85229	402.60305	409.92515	503.39929	472.50047	547.89884	480.08276	507.34904	494.04155	436.67874	477.12534	382.16282	325.08673	393.47741	305.90214	175.54341	113.01457	72.45377	136.50860	26.44847	114.40562	26.32394	-69.35802	32.20865	-70.41070	-31.28413	-63.62421	-70.26285	-149.43715	-83.67492	-57.37536	-38.36289	-35.91707	29.25999	47.20916	
-97.37549	54.51753	-30.36311	74.86300	98.65257	-57.77941	-16.61382	-100.09358	-11.04956	-98.22009	48.48773	-189.01459	-56.55744	-75.28854	34.02332	-0.00000	-12.91152	-19.30397	54.86244	149.03886	229.13815	253.85094	311.57356	482.74480	339.81889	478.10768	424.46004	537.16770	568.26237	584.33488	466.41186	552.08430	471.05873	408.47948	465.85122	410.46994	322.38272	261.25858	188.08944	148.64856	88.55348	105.07154	92.71095	83.86220	72.64989	51.93852	-58.27567	22.02927	-56.15720	-74.54227	-3.76741	0.00000	-23.22693	-55.87138	25.43510	9.86507	-13.29144	76.81116	
-46.67980	-32.50417	22.88885	-82.46474	-130.00168	-14.36938	-31.72882	52.40454	76.85220	-22.43024	-76.06696	-79.33982	-55.97700	-36.15096	-49.56948	-42.73901	76.01342	-8.14108	19.13217	101.31084	286.37328	270.84843	300.04635	368.03592	368.28907	458.00047	503.55658	543.24903	595.45762	600.28968	571.24034	541.27362	436.44363	476.59778	486.11097	351.22828	425.33563	339.86828	287.89596	269.52412	115.20762	173.82996	130.56642	69.49740	5.93231	99.30458	-45.84112	-74.80558	62.89113	-24.36762	94.20080	-69.33194	42.09439	21.94582	57.54508	18.43764	85.46940	34.44413	
-47.03476	75.96126	-36.80755	-40.62594	-68.27008	-94.70092	-20.20660	36.09866	-113.84972	-83.62998	-122.11193	23.42989	-9.03202	116.79360	25.43485	19.22716	-83.84602	93.65441	117.87313	101.63057	195.50429	262.94592	369.07281	420.74172	429.34599	403.53300	437.78683	444.32184	657.25218	640.87169	587.64656	540.97794	515.60220	476.23881	469.34368	390.74664	397.42344	301.97489	258.18927	242.19832	226.74865	121.72859	110.74631	86.79097	-34.73139	89.28645	-33.37349	-28.27418	50.55332	42.33581	-31.54943	16.55256	-52.03469	6.65587	-27.23638	24.76143	61.74610	105.86065	
-72.75296	33.85834	-0.00000	-16.04372	8.07598	-3.53130	34.83108	-63.53319	-10.20113	-13.39910	29.65374	-94.63193	-152.76487	-16.52540	-20.82975	4.51659	-55.86443	-10.98428	111.96349	187.45419	199.97127	272.24612	267.57206	375.83872	415.44942	502.09399	465.51055	579.21988	637.65679	620.12160	609.13080	503.48006	478.40144	488.52518	452.86318	403.81320	319.28718	269.57255	258.18927	231.76491	176.54971	160.09229	108.72002	74.92878	43.98552	-43.48721	34.27462	14.08753	21.75074	-74.16307	3.18682	21.75356	38.50331	88.05251	-7.53456	-43.68603	-62.63121	-14.16419	
-74.03357	4.14597	61.91895	7.66380	66.55146	54.14644	42.31521	68.83706	-3.35915	7.66380	-135.04362	-171.12921	-68.59435	-98.24852	-80.83644	0.00000	25.83011	-77.77167	51.84328	171.38365	184.12706	265.52822	295.48613	478.12640	403.98526	548.16751	537.90878	506.30676	662.47818	531.58499	643.93011	542.27708	560.12632	524.07800	342.86936	407.84090	366.52753	191.71958	258.65783	195.34828	165.76629	116.63886	88.75472	88.24915	14.30280	6.04050	53.72332	-46.13708	42.97969	26.95869	-53.94279	-9.32010	-29.39004	-24.82052	30.56806	-45.40037	-22.53220	6.79253	
98.79105	-21.97602	-55.06614	41.85943	-66.86559	24.14166	-31.93069	55.81994	103.73249	62.54451	-60.33917	37.45231	-96.13558	-50.89182	-129.59092	-58.47488	-11.38799	35.14938	48.92952	147.16722	170.45912	161.47453	275.13991	338.46227	405.15783	508.32934	556.46590	551.02444	595.75810	603.69276	542.64618	613.73409	589.03546	566.09653	501.48452	345.92248	317.84512	242.57155	281.08502	170.00012	85.88695	192.58128	37.39181	104.31497	29.11268	-52.20802	15.17644	38.94556	-24.06761	-35.49897	-22.80014	29.10003	20.21438	-98.65446	-51.69752	28.46227	-82.08672	106.48316	
12.69400	-16.60852	-7.79526	111.32078	69.88816	-3.18254	62.97089	-40.86951	-57.09463	26.02380	18.64287	3.87975	-53.04526	-135.37509	-97.08034	-26.16781	-60.14382	-7.59226	64.06721	161.81995	99.83400	239.13214	382.78750	322.62090	467.96762	457.32520	541.96554	625.73580	563.34024	588.32587	706.08337	570.70365	549.46741	452.24627	324.92614	384.78369	319.87440	235.40127	159.17098	129.12694	78.64602	71.75561	71.33960	-17.48009	-28.72657	-22.92933	-39.39414	-52.99453	-63.62154	-78.70924	36.61897	-30.14372	53.77964	103.97305	52.78274	-68.16474	-35.60761	-3.58232	
50.46240	-28.48881	156.74064	-47.93848	0.00000	-3.51628	43.96217	-7.11302	38.80623	47.41753	-65.47763	-0.00000	-96.18032	-92.90400	-66.46713	-7.17476	-0.00000	77.42374	51.46221	6.67378	122.98767	296.97132	279.90256	309.62375	453.61285	387.17286	640.40936	523.91665	592.76257	499.86823	709.59848	602.60423	486.04370	469.47060	307.27061	283.38098	300.59363	265.68063	172.57119	139.06764	136.62384	52.66386	34.29464	44.95677	32.89544	5.42126	-19.94862	-83.12397	-45.01038	-45.33902	45.21616	38.80428	-91.64021	-61.52079	-63.23601	26.38130	16.73113	54.79801	
3.85560	12.75941	118.04348	-10.57816	3.66193	62.29371	31.74802	73.27102	41.68355	82.11881	-19.85625	-19.62077	-13.77098	-54.34087	-14.14399	-3.37285	-35.86512	-24.96330	30.16105	49.21635	121.46332	217.13743	199.91640	370.38441	369.44766	388.12219	463.79159	490.94594	466.01403	554.25102	600.08185	523.85731	529.85534	406.55086	388.84910	362.15147	227.52585	267.77615	201.87911	157.64433	91.74333	87.58850	38.55041	17.18364	-11.72272	-62.62861	45.93776	17.75666	-94.32176	47.47993	3.06110	53.16472	-73.75562	-5.62296	8.86697	-76.28873	108.07800	28.27190	
70.32898	27.81835	-30.45639	57.02537	68.34744	78.93657	-7.21652	66.96374	-86.67531	43.96217	45.67077	39.08424	-32.37316	-14.02402	61.45692	6.35752	-66.62975	122.54181	-47.72173	53.61304	73.31499	189.01048	259.56807	277.11874	366.58733	404.41179	459.06404	473.41808	472.39404	491.17172	515.63719	498.23394	436.87474	408.99628	324.38681	379.59272	276.79160	242.44282	248.93896	153.51741	90.24850	105.96310	67.88786	-62.77936	-0.00000	-23.83667	-46.43956	-45.48340	-16.94383	-62.10668	60.93281	36.64806	-36.94822	-6.19807	-16.52531	-37.81022	-21.52156	65.28560	
12.23413	-38.84399	33.91984	21.37573	6.43999	94.45951	94.67835	16.82188	108.96832	-62.58947	53.69044	17.78689	68.82888	63.52709	-49.43143	-51.07129	-36.58535	-16.68083	11.39047	33.40162	125.12879	112.66587	191.51132	287.97442	359.38153	378.26050	436.34962	492.20937	448.92689	441.20737	401.29466	404.68912	465.26638	374.09774	442.02636	364.96421	252.92487	184.28780	172.01133	123.34682	63.19719	120.28386	-26.68756	-12.59987	-47.11688	-43.53611	-5.72000	-2.82433	-21.94270	-68.24684	22.07366	25.27327	-44.31412	42.09439	6.30105	-47.65959	56.31227	12.91431	
19.64796	19.49338	71.50032	-33.58280	34.97695	-43.41926	37.68073	81.77886	13.29481	48.09592	17.31501	-23.01154	6.69177	-23.50988	-72.77863	-24.88139	-118.28422	-38.12680	46.08933	16.15328	7.29181	197.03033	150.65555	200.40621	239.75376	219.80955	363.27537	449.62941	359.13778	390.23792	296.47779	354.38464	410.83385	335.86327	371.96744	253.02244	227.69527	165.20741	155.68012	48.96566	23.80367	14.77916	70.98491	96.61576	-67.06183	-39.81236	-71.05589	-55.50354	21.87944	-43.44663	11.42875	-40.62724	-37.29348	21.24836	59.07623	-24.45264	70.70874	-13.08125	
-80.96858	70.28432	34.73353	84.52215	-3.21969	-6.48123	77.34374	-6.38947	-35.59153	16.37778	93.72015	-41.36108	15.83450	-93.55301	-31.37206	-20.68394	-26.98178	51.18412	-55.95456	7.40065	37.06656	86.16646	72.46696	186.97538	184.11514	214.79021	287.86081	230.55582	344.89744	303.87614	342.33559	421.36494	301.21731	206.26217	267.86460	241.79032	155.84099	226.05917	108.10255	69.24212	38.98214	-6.29231	-47.59094	3.59294	-72.97538	25.30547	-48.59714	-41.50920	-23.08910	-115.94410	-72.29670	23.71310	-32.35675	26.66929	15.02951	-72.97268	16.31319	10.07877	
35.94168	-27.38672	-14.18444	3.58774	80.77971	18.97782	-72.77863	-3.11858	-60.81582	88.30101	20.63472	35.33909	31.04081	28.29987	-77.04782	58.17589	-40.16651	-118.50522	-61.84947	-24.82052	-10.22917	47.41753	74.28571	86.79741	142.15301	208.10884	274.21233	247.57118	93.23573	285.78608	305.08758	268.01079	288.61262	174.79774	227.49007	192.55939	144.44155	97.05639	78.76126	121.23341	20.81594	-30.04665	32.87241	-51.56175	-3.06849	-24.81922	-6.58440	-52.93656	34.75438	-15.61077	61.13821	6.79253	62.41680	79.26839	46.56952	-40.94009	-53.79739	6.71895	
-38.66762	7.00349	-23.45638	-67.16760	10.14747	74.99430	-22.44667	-91.09652	2.94847	62.18231	6.67378	44.57814	-28.81878	-53.60270	-8.62300	-48.08132	-69.57733	94.20080	-153.84595	7.47879	33.61318	-55.89285	118.22520	124.34357	3.94147	196.00431	196.89845	27.86270	192.82025	183.06889	195.56076	232.43314	173.95713	151.47010	161.86988	129.36704	149.37340	107.39175	114.17442	30.06385	47.36677	-2.68409	39.76436	-34.99621	-2.92402	65.03321	-40.50525	-3.62420	22.96078	-0.00000	38.30526	47.94862	28.98675	-16.39430	54.81950	-60.76643	-24.26546	29.44527	
68.51486	89.56379	7.64017	-65.10932	41.16473	65.20408	21.37901	-6.14439	11.99422	-50.64133	24.58609	130.10700	20.25852	81.29458	-16.30778	-102.88261	-105.33349	-24.47066	-41.61816	-34.85136	-42.46091	-25.93315	-118.13432	101.45770	68.31613	55.43206	84.86917	60.67938	-12.01376	202.26353	160.61010	121.77449	227.53644	129.34091	206.97517	88.22933	123.93275	-11.69513	73.42279	-9.20495	74.85839	35.79569	-14.00880	-33.61565	-2.98730	7.04327	14.86899	35.17690	28.05972	-50.29988	45.04900	38.89865	-86.02516	40.71814	108.08435	59.90333	-10.90377	76.54860	
100.05187	-3.82556	-124.20957	60.41846	76.77592	34.84307	52.19537	54.55677	28.57888	12.71585	-11.01682	75.44688	-38.12994	30.80555	51.52214	-64.50593	-43.03582	0.00000	-93.34065	-23.20015	-27.84825	-176.13057	26.45160	-14.10378	-21.96647	-28.86071	80.99417	120.13511	53.92397	110.41185	134.50473	19.37276	131.22225	124.63910	78.05323	37.06622	23.64886	121.49756	-14.39831	29.66889	-23.25112	85.59511	-41.55880	-66.98257	-5.98163	-29.39004	27.82363	48.34224	74.28571	19.60226	-27.81666	35.94391	-17.55431	97.47823	-41.80964	58.19658	3.45288	23.59272	
12.13424	-26.04995	29.39007	-50.35154	27.62992	-3.32762	10.01100	-21.24499	6.87727	24.69099	-27.71474	-32.29229	30.10393	-105.86604	-44.80670	-25.85586	-61.85454	-119.37928	-57.98533	-23.56794	-41.17813	-87.40334	-26.43828	-155.93907	-125.22523	40.45994	186.97538	19.99716	18.48338	135.22176	78.82990	6.95440	90.01660	47.94862	89.34422	66.62917	-0.00000	36.89915	8.38814	20.66751	26.79714	-47.95212	-11.66767	-38.31647	29.14682	-3.07609	22.96078	29.13106	126.72422	59.77824	24.10815	54.08080	87.90717	-24.23159	24.51665	-3.47685	81.30904	23.76195	
69.25864	-42.99678	14.52062	53.07750	-63.98907	13.06729	-13.09851	-74.86380	26.14142	-34.58115	28.66793	120.46453	25.15617	45.34958	-61.85454	52.21991	59.06319	-3.91625	-46.10423	-154.35776	32.02131	-132.33781	-12.94480	3.79073	48.16317	-153.00655	-40.96266	54.45981	100.27074	103.29677	89.61745	81.47059	56.74127	83.27378	20.95430	37.39181	33.55879	61.89829	-49.80645	-9.26216	-64.72720	-42.89156	-18.07352	-2.99090	69.25528	-26.78347	-37.93612	26.80883	40.54796	55.04761	83.31873	107.47608	112.85049	67.14411	52.56904	-0.00000	71.29473	-72.26660	
-0.00000	-45.46978	17.91539	-49.77397	-85.68725	74.89589	-84.79068	59.56479	15.16465	54.39722	6.62920	69.49648	-55.06508	-36.87876	17.99339	-33.49079	73.95324	-48.88392	51.54546	-66.80052	-99.49538	-125.89832	-138.86099	50.78063	-31.57207	-91.33343	-117.32503	91.70424	-102.45772	21.91093	77.96569	-3.37285	26.27655	56.91192	-0.00000	3.07246	15.89533	6.21431	31.15765	-3.03474	-55.53284	49.55209	-79.92826	72.82023	5.82112	12.11118	39.80987	67.93170	46.98970	29.13106	43.44854	106.76960	32.89161	54.97136	98.73757	-0.00000	22.17222	62.71695	
33.71478	8.11567	76.65841	47.62776	63.95806	46.62782	19.62810	-10.22917	30.24274	-7.09267	-6.75467	-60.09089	-30.31668	32.67777	-50.20589	-21.64682	-52.72324	-33.17865	2.97673	-115.94410	-88.60413	-96.02216	-53.16017	70.88664	-76.44888	-83.86568	-21.09440	11.30388	11.54972	-45.05715	-29.78193	-16.68083	24.92442	-18.07352	20.30560	55.68086	-20.34468	16.12245	-24.30310	-58.52333	23.20711	-6.19807	-14.89905	23.28867	31.35438	9.72336	-26.57987	94.54946	59.39695	21.94325	58.54014	40.35657	63.89966	47.55747	26.41641	24.34476	87.62792	-30.26629	
19.58583	-95.96614	12.37678	-67.63951	38.15806	35.56928	-26.94062	37.96355	-98.28275	-51.16804	-48.79462	0.00000	3.61916	-58.64781	-41.59227	-6.48123	9.48799	-74.59368	-24.72654	69.89421	-3.61891	-69.57733	-67.88306	25.89952	-3.10688	-10.96808	24.83954	-12.31235	11.25256	-14.24556	-59.41339	69.28646	26.47979	105.35565	-37.60280	62.70340	66.24928	21.01721	-12.07894	-59.22084	31.22037	82.38005	57.43749	104.09275	-42.56000	64.27531	79.72512	51.17907	27.10168	24.93930	23.95857	4.14597	19.96462	-24.82052	-6.43086	121.36149	43.35488	24.73819	
-38.48204	51.92688	-44.80670	30.88637	-33.17865	-81.34428	25.66520	35.80250	-75.40592	66.35351	-52.35225	-88.10344	-34.74277	33.16347	6.86775	60.04843	6.37384	-49.89528	-24.29942	-109.44964	10.49079	-26.43828	-39.02968	-38.97860	24.76143	-74.33329	16.69780	-24.54077	15.18788	-92.85569	13.66081	-89.86245	-29.79439	33.43558	66.06032	-39.39414	11.23504	23.28867	3.05358	72.91556	130.90276	16.68388	23.96251	58.21997	53.48978	29.52311	90.75268	-27.61538	47.37425	67.86762	32.73929	124.73494	-38.48204	-43.73165	56.00517	45.09880	24.52443	-6.17495	
123.12247	-42.78578	-30.71549	-25.65266	-48.91182	-36.01408	-56.55744	-42.24163	-60.60928	46.93418	-27.80889	10.97038	10.68668	82.06193	36.86628	-80.68285	-47.13881	-41.76737	46.19431	-39.28011	-69.89059	-27.57641	48.70303	-8.06160	74.68830	-16.36165	-39.02754	97.71611	-43.89715	31.04162	69.56396	24.76904	62.02277	19.94359	53.75620	56.64687	39.37910	103.81245	57.13947	99.07162	138.02473	95.36123	129.41397	52.43021	71.73057	-40.90637	87.25790	116.54080	136.57198	-48.99142	-68.04943	-15.54055	21.75074	61.59214	-51.48292	74.26804	-28.38192	-59.08001	
-6.98284	-15.66988	21.86300	-61.94671	-44.76982	9.91764	-11.23316	7.13445	-17.14183	98.23719	60.24577	-0.00000	12.73216	-44.07189	0.00000	-21.67836	57.18977	37.11697	-54.61159	-20.07039	53.24886	-40.56550	41.54586	-36.31867	-24.70395	0.00000	-17.80639	104.98814	-10.66918	30.86993	45.47751	35.73449	111.73001	107.05760	8.98455	44.40479	29.14682	28.84236	89.74847	55.33619	9.39228	-30.14372	43.95796	-0.00000	41.23378	-10.51835	34.12743	23.76703	15.07242	-96.25542	46.57850	-107.54436	14.41510	24.55132	47.96307	43.10678	41.99348	6.09235	
-39.68014	-33.71973	-6.57568	-56.92700	-9.21633	28.43341	-16.79373	-52.79577	75.86622	-55.79748	-46.13708	-76.53532	6.59397	31.39083	-69.85587	61.25280	37.11697	-31.77685	6.37384	-21.09440	-7.73443	33.85834	-63.77955	-42.95324	86.11167	-41.82606	-64.22838	103.01228	27.32556	-71.87147	129.29175	-46.41952	17.61006	33.60431	116.14186	59.14494	-2.95884	18.01418	32.20865	-3.37744	85.80871	19.81090	111.76128	28.98675	115.88053	-81.96332	7.69952	4.14597	-12.43599	-60.63459	59.86562	57.35514	82.71585	-17.33349	-50.20589	-59.66565	85.12305	-43.99032	
44.35548	-35.65881	10.10614	-19.72473	47.76522	26.57420	-56.25193	-43.81046	-67.75569	-72.50930	61.69815	39.30954	17.78689	30.90159	-7.71036	25.15617	19.17325	50.81344	13.87087	140.83742	-131.77489	84.32491	11.73200	19.64796	26.82866	63.33988	95.83445	41.39371	34.28481	52.09489	-28.86071	88.97930	83.72342	62.59919	26.73661	0.00000	33.51353	56.22913	67.97286	-17.52949	-24.47066	44.52103	10.24525	-19.27394	48.34224	63.03923	113.58484	72.97646	66.73416	11.92015	17.66022	35.58066	-72.42424	42.89660	-56.96568	-93.84908	-15.76300	-11.54718	
-32.18739	48.85533	-53.63555	69.19446	-79.93823	-20.29775	49.38742	-20.80769	0.00000	28.72585	3.42428	-38.18555	7.25978	17.17117	84.34409	71.54258	18.97782	-42.00315	113.23169	-79.36401	-61.03304	46.72490	47.83986	30.52100	18.92760	135.84102	-44.18634	75.30904	-36.99080	103.10514	13.92930	101.97041	16.27041	73.35595	59.14697	157.85588	85.03684	-39.77951	22.04079	6.73720	-31.24035	17.78689	-15.66335	51.10291	-90.59098	-29.45697	-8.85432	16.20613	62.01937	-48.29773	14.52062	4.07771	71.02454	-116.43601	-12.64771	23.61599	8.03668	11.78782	
-11.99438	-7.72238	50.82952	15.79421	17.52702	-71.24278	-97.96596	-57.26106	-49.69542	39.63048	-41.70884	27.62992	-16.39430	6.26923	-6.28435	6.69177	45.30127	12.58646	-85.01519	-23.09205	57.33317	40.45994	49.07858	39.71017	-30.04108	-3.86735	38.28881	20.45932	15.00399	62.20177	-52.16798	103.71373	57.22077	82.83096	-11.42299	8.43348	88.94017	85.57087	-7.35569	127.15666	-27.15071	23.39302	-88.17815	-59.61035	-4.10442	38.95825	12.95977	4.20225	-69.39529	-47.20212	-21.14999	-18.53613	32.03445	-51.45147	-58.50368	-12.37386	-64.15177	-24.37973	
50.32684	-10.63867	-49.04069	27.08936	-131.93904	-3.40994	3.24940	-42.95670	19.52516	-6.28435	65.54025	15.71424	19.47409	20.89546	-24.26546	66.75060	-25.77539	35.20487	54.39722	-41.11604	79.92052	-73.13294	92.32734	-21.58401	68.24829	-30.76422	45.47381	82.32312	36.79515	15.25801	52.06321	63.70642	145.46517	46.73004	23.80509	8.20982	-52.89815	35.82710	26.66371	-32.23976	97.09022	61.58712	-50.39540	-18.36418	-22.45449	43.82559	21.67722	74.93945	-30.33340	-22.41382	36.61270	-33.30779	-18.26254	-8.19495	-81.30901	11.93930	56.93400	-63.31331	
-85.43252	23.17521	-32.91461	16.53051	-6.97302	37.89003	-137.61304	-32.69777	19.32249	9.31011	43.03289	6.62036	29.13106	18.50371	3.69467	105.37926	-15.86393	30.42732	46.65159	-3.96007	106.89517	85.29293	92.60332	62.65000	-60.75987	-7.86954	34.28481	14.16801	79.57595	30.28787	44.89101	11.82532	106.50544	43.23686	55.12402	86.38465	-0.00000	16.36675	-21.70625	30.29790	45.10339	-123.17907	-0.00000	-78.06176	27.25512	43.90332	-17.24469	22.58712	-93.93497	25.78955	-25.45840	-19.40860	-142.83905	-8.48995	-170.53942	-159.03332	4.19514	-17.33525	
-86.14468	-9.70888	-37.14122	-3.43829	-3.21136	-58.30727	15.81433	-12.36458	-77.53177	30.80973	82.25863	67.05210	-28.20419	131.06977	63.03923	-11.40546	68.28318	8.27842	-12.88911	0.00000	-36.09244	79.91347	-22.57739	-38.19529	51.21800	35.07739	-39.91242	58.57183	49.60766	34.97845	-13.94517	97.49451	87.00536	78.64767	41.46117	85.95691	161.23289	13.42845	137.00840	165.97458	-32.25333	9.01712	-14.27703	-13.72277	32.03445	-14.87812	14.61848	-10.48707	27.57293	84.16584	45.29800	-111.53579	75.70320	-121.54924	115.93936	-62.63121	126.72950	-65.31484	
-51.34085	-25.85304	9.52439	-99.10606	0.00000	48.87320	68.84596	12.36750	83.36339	43.70384	-85.43416	-13.75189	70.50530	-3.58232	84.17986	-3.89777	29.92222	-23.90911	26.61998	96.59610	56.38331	42.52879	-4.23787	180.48083	14.22898	67.62961	-14.47423	-119.05637	29.65374	-10.79302	39.42318	20.19246	42.49531	109.67858	-49.81259	3.91036	12.15409	-50.20948	-9.06511	4.74161	-51.24941	-8.77584	-68.20774	22.87946	-54.97716	-133.99754	-43.89212	48.24427	37.51860	-114.07211	10.46697	45.85802	14.82289	-28.77198	-67.58678	-24.14212	-47.80941	-32.82728	
-82.47122	-73.34768	38.48150	-36.99992	-58.42184	-8.86547	6.12239	-46.07589	-76.98828	52.14144	83.09252	48.09592	-3.56686	32.82198	67.05156	25.67723	31.97544	-50.65173	35.49681	98.75814	-28.06483	-39.69224	139.08226	112.84539	-71.24472	15.47235	-70.79228	33.71478	75.51447	7.37862	78.50209	-97.22135	124.32051	49.15346	-25.12161	81.49410	64.12643	-8.31882	68.44685	-56.65345	-17.99693	94.04382	-44.98270	-28.88396	65.58027	-85.48385	45.66981	9.70693	19.68621	-15.21371	-118.59412	-91.69222	-25.19898	-109.92214	46.11192	-47.00246	-21.11392	25.34806	
35.07739	24.98713	9.00626	69.26332	-58.41998	57.30505	-71.65767	61.08656	154.22042	-7.03234	80.51582	80.27877	-7.33393	120.35992	133.28662	29.21688	3.74491	68.47025	46.98760	211.12537	21.05060	-23.12797	32.36496	-80.80360	-8.47542	20.83803	38.09588	-3.60314	106.76537	24.27668	15.49845	85.12305	58.65331	34.28481	-55.54508	53.84060	7.98487	3.79073	34.12743	-45.20821	72.50175	86.47517	-57.53182	-69.09658	-39.90700	-25.66982	-36.79113	-183.55668	-10.39886	21.02522	-76.79489	-79.97052	-10.18470	60.90445	-61.96393	-146.54121	-23.43255	-8.85432	
65.37754	96.42735	3.05734	12.60289	-54.35971	-20.25049	3.07627	-137.02617	3.37307	30.36612	7.20703	83.93200	18.67096	-7.19558	63.10542	17.61867	38.28881	41.40693	92.54768	24.15323	16.58596	-8.16793	60.80414	114.19904	-21.14999	58.97062	-3.83148	66.95094	48.56080	17.31501	68.44173	-18.19846	53.38220	67.92212	-29.77047	-32.27951	65.86378	3.55177	51.17907	-190.23354	-70.55837	-27.44234	-113.92576	-27.24096	-99.12013	13.50171	-65.71550	-109.81060	-58.77934	-51.86806	-41.06676	-87.12746	-24.30744	-65.46708	-45.31214	-90.02770	-79.15484	84.20576	
-9.58393	-61.64615	84.92788	-0.00000	65.37589	-83.77144	3.22407	-0.00000	-74.06242	62.71695	25.52615	72.86628	70.55152	25.74338	88.31861	133.64110	-4.31167	-7.94525	11.67671	-69.74015	-46.04885	73.09612	8.18270	77.16121	112.11555	20.73336	7.99776	88.75713	88.37749	7.80870	29.02930	86.65938	94.93719	16.31319	53.70688	113.67624	69.88812	-6.90508	59.64906	-31.32260	-68.00552	-69.80325	129.02311	-51.05713	-52.45075	-157.23396	-124.65297	-153.28464	-122.13216	-75.72471	-19.25751	-91.09974	45.62614	-34.84856	-82.14481	-58.05007	94.95199	63.73976	
24.95574	3.24091	23.42524	24.22542	-65.20873	41.71347	40.81660	-3.31872	20.54925	-27.10828	129.71778	37.86307	63.38988	-73.42762	-38.59219	28.18001	28.04328	-117.76570	-4.34955	101.14531	65.29363	110.97586	43.72245	72.63629	18.92760	111.96349	31.14434	-34.96063	23.42989	51.59411	-78.33046	-30.22425	42.48237	-19.72473	-79.81046	-32.99548	69.34478	-3.84933	-12.69092	-12.33278	-96.21086	26.19739	-31.72176	-38.39271	78.27653	50.35059	48.81571	-146.36110	15.00271	-83.49863	51.39645	-25.12161	12.35620	-51.54073	-80.18219	111.96349	-39.83419	-41.08319	
17.02972	49.54389	25.63207	-41.31199	104.29667	23.28867	37.81898	13.49363	-45.60925	-8.26331	-56.31804	131.82855	92.41904	69.88812	19.04395	22.85367	-49.72923	29.18401	-20.45181	70.77110	136.55991	46.72490	51.10291	91.32969	-18.66431	47.34787	15.23456	85.43304	61.50885	63.61068	17.86377	-42.78828	-0.00000	-3.71101	-13.80931	74.32868	105.18720	-104.75820	-26.04656	-140.21861	-4.05072	-102.54175	-16.55301	62.13933	-41.32414	-92.50883	-81.17707	66.66838	-52.97957	30.01024	4.53313	-26.23055	-72.61951	95.90045	-26.65016	-8.36095	-38.59219	-79.28391	
36.47218	15.36421	59.41892	-2.92402	-24.25693	-36.13119	61.13821	-49.49015	93.92624	80.73642	-4.60015	44.53526	86.79741	58.88780	123.37586	-4.07069	71.92764	-34.84966	60.77970	28.29393	-4.02440	-94.82950	89.24553	-41.65262	37.07027	74.62120	76.85220	-31.02842	-42.48284	89.32238	95.05069	77.65476	7.58174	-43.99032	60.50716	3.80820	62.86207	0.00000	-21.70625	-57.12256	-28.39549	20.56123	-39.62165	-98.73626	29.82926	-107.75900	5.55046	-135.78268	76.77622	38.31354	-4.86232	49.43620	-25.95554	32.31219	-50.66187	31.24252	65.19023	17.61006	
-50.38438	37.15373	22.24648	35.55943	-113.01982	107.48839	9.67284	3.44329	85.08080	-79.36401	30.19233	31.64152	40.65743	-71.01778	-17.61275	4.41193	-48.85782	-102.85668	112.26421	110.86089	0.00000	56.84067	62.47545	21.41472	-33.38036	0.00000	85.21906	-64.40390	-43.41926	57.53300	-42.26340	-26.98178	59.77538	-10.90377	33.11425	-3.77890	98.82395	-62.04306	-13.00193	118.42494	17.28046	-48.51049	-55.07704	8.80854	43.86959	87.75209	-101.09858	-90.07714	46.23914	-56.11124	56.60662	17.74497	-47.66054	-47.74410	11.67671	-19.30397	-25.74080	-75.76818	
22.91291	53.15124	127.10106	56.14013	14.12400	41.54203	-29.58468	13.56742	144.44771	107.45962	-29.02967	41.84299	-45.66288	34.09143	151.83865	49.34659	101.49086	90.09848	11.11798	30.14970	-117.38531	-21.44305	-13.74818	4.24548	100.67740	30.95554	-57.21576	67.78414	-52.05922	-22.77374	18.81267	31.74802	-22.56639	38.45054	14.22898	3.69467	-34.68873	-33.64231	-11.58316	-60.54757	13.38006	-50.96153	21.05060	-13.74818	5.01053	-108.96421	-187.94355	-140.83334	153.31583	-10.64511	23.84981	17.19047	-13.09362	51.52214	24.90352	98.22127	64.75511	119.36659	
40.63044	17.50644	-24.27341	68.69688	14.86761	111.58644	22.31210	94.97874	-9.95554	39.42063	70.58440	16.23268	121.98038	36.95442	-18.67604	54.93962	73.82242	18.84127	120.59435	74.83011	11.71351	49.85996	-164.57518	126.79534	3.39615	31.55362	-80.33066	46.79977	-25.93315	-29.72584	-107.87392	14.71454	-82.45916	24.48208	118.55159	-42.79424	-31.27318	-63.33170	-43.96798	-44.91011	-114.73319	-59.20310	-88.81102	33.32897	-30.61185	-4.94989	63.92261	-60.20810	28.92854	25.21111	-65.34358	-130.15758	26.46037	0.00000	11.01914	-8.34686	-12.33278	-72.25404	
38.76507	76.21647	-5.98884	9.07205	44.72456	3.02016	56.10021	65.62274	30.24274	0.00000	34.33759	8.22345	12.73753	122.88443	124.15480	-32.93642	90.17327	-15.11404	19.19143	46.87222	7.77196	-23.53063	58.32877	34.10344	-66.12267	-18.75600	60.18100	37.12579	-44.31412	-110.33566	24.93930	30.86993	-56.85027	17.02972	-37.77809	-20.35052	-94.65550	-12.31235	-55.77458	-14.26605	-63.24709	68.47025	17.93787	73.87102	23.98856	-102.24205	26.06138	-21.99869	-20.32574	-9.99939	55.54755	87.49420	-0.00000	41.62526	80.91475	29.88000	84.87534	-118.74415	
50.14970	26.76506	50.26908	43.62513	85.69349	18.52935	42.82069	65.80929	25.79172	59.59572	74.73371	84.68001	22.07350	-8.14108	-33.32421	60.87661	-39.71574	77.16121	50.70069	-11.38799	-7.30153	-6.73633	6.28510	42.29996	34.31768	28.21797	-10.21513	61.42268	-66.25335	36.76695	-22.10405	-38.32658	-24.96330	15.84336	27.20739	24.35110	12.73753	-101.69946	-93.48634	0.00000	-75.84532	-41.09961	-83.77114	34.45643	-84.03082	90.28172	24.95670	-103.99244	-69.87716	-24.30744	39.44102	-54.97584	-68.60378	-3.61364	-30.27039	-3.81379	-50.65173	43.51300	
54.81706	-5.90345	93.04708	50.23903	11.49483	93.78348	77.10143	107.63830	128.20849	53.07750	-33.14252	3.66735	-3.74464	94.66911	76.46315	26.06289	0.00000	0.00000	7.40065	34.58822	42.04425	75.93681	-85.11370	-29.37170	-9.28525	40.15650	-37.22516	3.33678	40.81660	-15.49388	30.50696	-27.42457	-26.32663	15.81807	-78.85561	-69.85587	-41.80964	-6.97302	59.22340	-44.25331	-26.16781	-68.82807	-68.35759	39.45952	-15.86445	-5.03043	-31.54846	114.52296	22.02436	-58.57854	12.93719	-63.77955	-56.42148	98.07175	-36.17912	79.37592	50.99225	78.47434	
-29.79439	27.42166	56.25412	-5.91047	21.78081	-29.28686	-21.52156	48.13458	56.60641	-61.58339	97.60603	7.40065	-18.77743	-69.28110	-44.03904	34.28481	-95.13726	10.64083	125.28453	87.19335	-17.94297	39.22944	11.86532	75.38247	-11.96260	31.83847	9.28689	-9.52266	-123.23536	64.27531	53.27444	-67.15742	11.06834	56.46233	-70.44030	-112.25914	-26.83137	-58.42546	48.02940	-68.50861	-94.37786	-23.90911	-70.54934	129.26392	-27.85420	-4.66959	-53.78164	-4.38810	-39.76309	-4.11124	-73.90355	-48.25172	99.12384	47.55747	102.65830	22.13921	21.40648	-3.55153	
41.44304	-11.80627	11.49483	-35.22420	34.97845	35.88965	49.74252	85.80233	34.58822	98.27455	-3.31872	-24.53984	7.31332	-61.37075	14.93619	-26.01090	14.14781	-3.13433	113.13574	57.55762	-9.27369	44.03749	26.87796	33.67515	-26.18751	-19.34972	-45.90342	56.72739	-41.57295	-3.55663	-24.85606	-89.37378	26.46037	18.69913	-22.73892	-38.44963	-0.00000	-129.97938	-81.67790	-125.68292	-138.83152	-47.16527	96.26948	-20.65602	-71.63913	27.97404	53.41413	-0.00000	63.94440	-92.85707	11.03549	7.28110	-43.47602	-0.00000	71.64158	17.83806	-20.62661	56.29713	
19.68528	14.79677	31.91874	-0.00000	-14.51661	3.53658	48.38479	67.14497	47.56890	24.98713	27.86610	-0.00000	21.04320	41.16473	65.92631	84.71743	16.48658	-18.56899	-33.91205	-91.06858	-0.00000	5.73383	41.88107	-10.92419	18.55237	62.24808	89.44291	-58.41998	-6.48970	20.86616	-64.63779	25.90724	-45.67931	58.32877	-23.73478	-10.27153	-10.84020	23.17424	23.88158	-87.00654	40.44350	83.31066	4.18097	-38.39271	-91.77557	4.64372	34.81044	17.25036	56.98235	-30.59740	26.41641	85.12305	42.39612	7.43394	10.73294	-24.85606	-3.59791	-23.02055	
