0 0.000220697
1 5.63587e-06
2 5.30411e-06
3 4.29924e-06
4 6.937e-06
5 2.21899e-06
6 2.79959e-06
7 3.21689e-06
8 7.42031e-06
9 2.07868e-06
10 1.77919e-06
11 2.20537e-06
12 6.78454e-06
13 3.05823e-06
14 1.30864e-06
15 2.23918e-06
16 7.19979e-06
17 2.12139e-06
18 2.23798e-06
19 2.47653e-06
20 6.0022e-06
21 1.8458e-06
22 2.08694e-06
23 2.62216e-06
24 5.78227e-06
25 1.35115e-06
26 1.97564e-06
27 3.984e-06
28 6.2783e-06
29 2.48123e-06
30 2.0546e-06
31 3.25655e-06
32 5.74575e-06
33 2.62461e-06
34 2.08381e-06
35 3.37507e-06
36 5.36618e-06
37 2.12157e-06
38 2.70635e-06
39 3.88903e-06
40 3.98538e-06
41 3.08714e-06
42 2.71356e-06
43 4.17487e-06
44 5.25558e-06
45 1.63756e-06
46 2.27027e-06
47 4.513e-06
48 3.78057e-06
49 2.15678e-06
50 1.80606e-06
51 5.21788e-06
52 3.98113e-06
53 2.08331e-06
54 1.80069e-06
55 5.74364e-06
56 3.53579e-06
57 2.1846e-06
58 2.07531e-06
59 5.78029e-06
60 0.000200858
61 2.9642e-06
62 2.3544e-06
63 6.50775e-06
64 2.42986e-06
65 2.61051e-06
66 1.42608e-06
67 5.98303e-06
68 2.15399e-06
69 1.50218e-06
70 1.47055e-06
71 6.02444e-06
72 1.96674e-06
73 1.19093e-06
74 1.18493e-06
75 6.10642e-06
76 1.92057e-06
77 1.16412e-06
78 2.15522e-06
79 6.40063e-06
80 1.49427e-06
81 1.6091e-06
82 1.53508e-06
83 6.44222e-06
84 1.45984e-06
85 8.56032e-07
86 9.91867e-07
87 6.59969e-06
88 2.31922e-06
89 1.33824e-06
90 1.39634e-06
91 6.39261e-06
92 2.31595e-06
93 3.34061e-06
94 1.62175e-06
95 6.06546e-06
96 1.87682e-06
97 1.51862e-06
98 1.65004e-06
99 5.05601e-06
100 1.01094e-06
101 1.03373e-06
102 2.76086e-06
103 5.59941e-06
104 1.54728e-06
105 1.54699e-06
106 1.79246e-06
107 5.39418e-06
108 1.90848e-06
109 1.7396e-06
110 1.88311e-06
111 4.91352e-06
112 1.59161e-06
113 1.55792e-06
114 2.37243e-06
115 5.09848e-06
116 1.7772e-06
117 1.5734e-06
118 2.6432e-06
119 5.65946e-06
120 1.68385e-05
121 1.70732e-06
122 3.06976e-06
123 4.16728e-06
124 1.87694e-06
125 1.78441e-06
126 3.29146e-06
127 3.80539e-06
128 1.69091e-06
129 1.65583e-06
130 3.84663e-06
131 3.90189e-06
132 2.17063e-06
133 1.63414e-06
134 3.61996e-06
135 3.57448e-06
136 1.69691e-06
137 2.13596e-06
138 4.21591e-06
139 2.75247e-06
140 1.63187e-06
141 1.28996e-06
142 3.77242e-06
143 2.74918e-06
144 1.69196e-06
145 1.82544e-06
146 5.258e-06
147 3.22275e-06
148 4.15931e-06
149 2.72397e-06
150 4.80422e-06
151 1.81679e-06
152 3.7781e-06
153 1.52877e-06
154 4.57023e-06
155 1.3044e-06
156 2.07728e-06
157 9.77139e-07
158 4.81025e-06
159 1.19608e-06
160 1.2139e-06
161 1.31194e-06
162 5.29085e-06
163 1.52034e-06
164 1.45863e-06
165 1.41218e-06
166 4.5815e-06
167 1.45018e-06
168 1.19278e-06
169 1.13253e-06
170 4.77145e-06
171 9.65913e-07
172 6.30687e-07
173 1.04688e-06
174 4.86888e-06
175 2.58824e-06
176 1.69776e-06
177 1.91867e-06
178 5.82122e-06
179 3.69251e-06
180 0.000114281
181 3.36015e-06
182 5.44958e-06
183 1.7437e-06
184 1.87485e-06
185 2.11217e-06
186 3.77841e-06
187 1.43202e-06
188 1.70355e-06
189 1.6521e-06
190 3.46488e-06
191 9.24071e-07
192 1.4105e-06
193 1.68309e-06
194 3.56233e-06
195 1.25614e-06
196 1.34507e-06
197 1.99185e-06
198 4.29094e-06
199 1.47783e-06
200 1.71068e-06
201 1.76539e-06
202 3.24263e-06
203 1.39027e-06
204 1.17819e-06
205 1.98352e-06
206 2.77446e-06
207 1.30822e-06
208 1.10604e-06
209 2.30891e-06
210 3.18344e-06
211 1.69677e-06
212 2.66511e-06
213 2.69444e-06
214 3.05969e-06
215 1.74579e-06
216 1.66379e-06
217 2.86415e-06
218 2.08946e-06
219 9.70816e-07
220 1.3353e-06
221 2.39448e-06
222 2.36588e-06
223 9.4339e-07
224 1.02614e-06
225 2.86976e-06
226 1.82304e-06
227 1.38147e-06
228 1.57677e-06
229 3.25091e-06
230 2.30564e-06
231 1.39509e-06
232 1.22356e-06
233 2.47687e-06
234 1.63552e-06
235 1.31556e-06
236 1.31048e-06
237 3.32116e-06
238 1.436e-06
239 3.39421e-06
240 1.41789e-05
241 2.96278e-06
242 1.14803e-06
243 1.04281e-06
244 1.09784e-06
245 2.39206e-06
246 1.22211e-06
247 1.26006e-06
248 9.37401e-07
249 2.87436e-06
250 2.21747e-06
251 1.04968e-06
252 1.05523e-06
253 2.38587e-06
254 7.4806e-07
255 7.42643e-07
256 1.044e-06
257 2.46153e-06
258 1.93459e-06
259 6.45784e-07
260 9.15263e-07
261 2.08641e-06
262 1.13799e-06
263 6.84983e-07
264 9.91702e-07
265 2.14144e-06
266 1.18592e-06
267 2.19527e-06
268 1.66878e-06
269 2.09289e-06
270 1.64264e-06
271 7.1483e-07
272 9.63712e-07
273 1.99925e-06
274 8.40927e-07
275 9.70538e-07
276 1.82957e-06
277 1.43179e-06
278 1.4013e-06
279 1.1493e-06
280 1.56688e-06
281 1.72561e-06
282 1.42386e-06
283 7.6053e-07
284 1.47933e-06
285 1.77029e-06
286 8.6635e-07
287 8.07288e-07
288 1.19754e-06
289 1.40005e-06
290 5.49983e-07
291 1.00534e-06
292 1.70959e-06
293 1.57384e-06
294 9.93649e-07
295 1.15128e-06
296 1.39006e-06
297 1.49365e-06
298 2.63718e-06
299 6.64296e-06
300 7.20212e-05
301 3.26397e-06
302 1.84121e-06
303 1.40452e-06
304 1.45359e-06
305 1.56032e-06
306 1.69625e-06
307 1.27557e-06
308 1.55568e-06
309 1.27972e-06
310 8.21652e-07
311 9.57734e-07
312 1.56358e-06
313 1.48117e-06
314 6.76237e-07
315 6.82067e-07
316 1.1475e-06
317 8.38053e-07
318 1.14646e-06
319 8.56856e-07
320 1.7667e-06
321 7.40424e-07
322 1.8855e-06
323 8.3995e-07
324 1.52366e-06
325 7.47866e-07
326 1.05256e-06
327 9.82526e-07
328 1.23287e-06
329 1.14324e-06
330 1.30014e-06
331 1.31027e-06
332 2.25754e-06
333 3.19832e-06
334 1.20798e-05
335 5.95058e-06
336 2.26126e-06
337 1.45872e-06
338 1.30039e-06
339 9.70982e-07
340 1.80931e-06
341 1.07972e-06
342 1.37847e-06
343 6.92365e-07
344 1.6192e-06
345 9.3501e-07
346 5.4502e-07
347 6.93473e-07
348 7.76832e-07
349 6.03303e-07
350 7.17633e-07
351 8.47674e-07
352 1.11859e-06
353 6.14675e-07
354 7.24198e-07
355 9.53565e-07
356 1.24727e-06
357 1.07978e-06
358 1.94495e-06
359 5.39924e-06
360 1.27869e-05
361 1.31405e-06
362 9.18206e-07
363 9.12471e-07
364 8.4598e-07
365 5.43604e-07
366 8.87586e-07
367 7.96357e-07
368 1.02837e-06
369 7.49552e-07
370 9.45305e-07
371 8.19523e-07
372 9.92778e-07
373 8.11574e-07
374 8.05841e-07
375 1.742e-06
376 9.30109e-07
377 1.02312e-06
378 1.59835e-06
379 9.55309e-07
380 1.41658e-06
381 1.09965e-06
382 1.06135e-06
383 9.38906e-07
384 1.79221e-06
385 5.74724e-07
386 8.65387e-07
387 8.70948e-07
388 9.64254e-07
389 5.59569e-07
390 9.08605e-07
391 7.49565e-07
392 8.05289e-07
393 4.31386e-07
394 9.35825e-07
395 6.91205e-07
396 1.11374e-06
397 8.36405e-07
398 1.0972e-06
399 9.65308e-07
400 1.50177e-06
401 4.27963e-07
402 1.26317e-06
403 5.71601e-07
404 1.08047e-06
405 8.49905e-07
406 7.39876e-07
407 9.1932e-07
408 6.25234e-07
409 1.16949e-06
410 6.50907e-07
411 7.61476e-07
412 6.81456e-07
413 8.25716e-07
414 1.28106e-06
415 9.6661e-07
416 8.28605e-07
417 1.09053e-06
418 1.64983e-06
419 6.35954e-06
420 2.71139e-05
421 1.2857e-06
422 7.56393e-07
423 1.12232e-06
424 1.34693e-06
425 6.39929e-07
426 1.12296e-06
427 8.47694e-07
428 6.82027e-07
429 7.93523e-07
430 7.33536e-07
431 1.35008e-06
432 1.10341e-06
433 6.37381e-07
434 6.22862e-07
435 1.25605e-06
436 8.65872e-07
437 9.38462e-07
438 1.20305e-06
439 7.54587e-07
440 1.07232e-06
441 7.49818e-07
442 1.15557e-06
443 1.06339e-06
444 1.07996e-06
445 6.72728e-07
446 8.04092e-07
447 1.24537e-06
448 7.50482e-07
449 5.84988e-07
450 9.13604e-07
451 1.10205e-06
452 1.23399e-06
453 1.0837e-06
454 1.04473e-06
455 9.73023e-07
456 1.84827e-06
457 1.53962e-06
458 1.35626e-06
459 1.34658e-06
460 1.74477e-06
461 5.10749e-07
462 1.27516e-06
463 1.18591e-06
464 7.30723e-07
465 6.12355e-07
466 8.57169e-07
467 1.15343e-06
468 7.47874e-07
469 7.93627e-07
470 9.3827e-07
471 1.2271e-06
472 1.07313e-06
473 7.48391e-07
474 1.17168e-06
475 6.06203e-07
476 1.15661e-06
477 8.48528e-07
478 1.91741e-06
479 5.33617e-06
480 9.35436e-06
481 6.40564e-07
482 1.27416e-06
483 1.03411e-06
484 1.17993e-06
485 6.57748e-07
486 1.76506e-06
487 1.15886e-06
488 7.11056e-07
489 8.63813e-07
490 1.93157e-06
491 7.16943e-07
492 8.2876e-07
493 6.54078e-07
494 1.47067e-06
495 6.96813e-07
496 7.67505e-07
497 6.15988e-07
498 1.74336e-06
499 9.23346e-07
500 2.1691e-06
501 6.92359e-07
502 1.74859e-06
503 8.17512e-07
504 1.62223e-06
505 7.60209e-07
506 1.07347e-06
507 8.07549e-07
508 6.96613e-07
509 5.15466e-07
510 1.73772e-06
511 6.04929e-07
512 2.40249e-06
513 7.81005e-07
514 2.05885e-06
515 6.67068e-07
516 6.13519e-07
517 5.95832e-07
518 1.64851e-06
519 5.90881e-07
520 1.62026e-06
521 7.31965e-07
522 1.50567e-06
523 4.65452e-07
524 1.24531e-06
525 6.84871e-07
526 1.59804e-06
527 7.09548e-07
528 8.33749e-07
529 8.0223e-07
530 1.61684e-06
531 5.01662e-07
532 8.43041e-07
533 8.40306e-07
534 1.57335e-06
535 8.74261e-07
536 7.32412e-07
537 9.60459e-07
538 1.33804e-06
539 2.91792e-06
540 2.22015e-05
541 2.37697e-06
542 1.49047e-06
543 1.07219e-06
544 9.90126e-07
545 7.98705e-07
546 1.26972e-06
547 6.03181e-07
548 6.39269e-07
549 5.71277e-07
550 1.37677e-06
551 8.2587e-07
552 1.03823e-06
553 9.64327e-07
554 1.00224e-06
555 7.14759e-07
556 1.08754e-06
557 9.22763e-07
558 1.34739e-06
559 8.93984e-07
560 5.76907e-07
561 1.03805e-06
562 1.39231e-06
563 1.17809e-06
564 1.61081e-06
565 1.09314e-06
566 9.99464e-07
567 8.32496e-07
568 9.14743e-07
569 1.14142e-06
570 1.0383e-06
571 7.43104e-07
572 7.63607e-07
573 1.31225e-06
574 8.01312e-07
575 5.47587e-07
576 7.67979e-07
577 9.44593e-07
578 8.15911e-07
579 7.24837e-07
580 1.02097e-06
581 1.00949e-06
582 1.09563e-06
583 5.9262e-07
584 9.06684e-07
585 9.51561e-07
586 8.90688e-07
587 6.41685e-07
588 6.69728e-07
589 1.49195e-06
590 5.76994e-07
591 4.05771e-07
592 9.88831e-07
593 1.24318e-06
594 1.19186e-06
595 1.08186e-06
596 8.94572e-07
597 9.68264e-07
598 1.17632e-06
599 4.20686e-06
600 1.23645e-05
601 8.56528e-07
602 7.62715e-07
603 5.65183e-07
604 1.13108e-06
605 1.04784e-06
606 5.98213e-07
607 6.43614e-07
608 8.30914e-07
609 9.9059e-07
610 6.74831e-07
611 9.44238e-07
612 6.26262e-07
613 9.58727e-07
614 6.15967e-07
615 4.59877e-07
616 7.02914e-07
617 9.50004e-07
618 7.35986e-07
619 5.14813e-07
620 7.99828e-07
621 7.24852e-07
622 1.32427e-06
623 5.14192e-07
624 1.3871e-06
625 1.34228e-06
626 5.68103e-07
627 4.91543e-07
628 4.36418e-07
629 6.75955e-07
630 8.20892e-07
631 5.45736e-07
632 7.71938e-07
633 9.10486e-07
634 1.17002e-06
635 5.9956e-07
636 7.45034e-07
637 6.37617e-07
638 4.80181e-07
639 3.48144e-07
640 1.82624e-06
641 7.1938e-07
642 1.18023e-06
643 7.29571e-07
644 1.25581e-06
645 5.73997e-07
646 1.313e-06
647 7.04685e-07
648 6.41063e-07
649 1.03551e-06
650 5.37467e-07
651 7.21538e-07
652 1.17748e-06
653 6.34806e-07
654 1.12684e-06
655 9.24882e-07
656 7.97902e-07
657 1.05809e-06
658 1.43066e-06
659 3.94634e-06
660 1.91913e-05
661 1.54036e-06
662 1.0186e-06
663 6.92583e-07
664 1.78429e-06
665 8.89732e-07
666 1.56391e-06
667 2.36976e-06
668 6.62227e-06
669 6.30446e-06
670 2.15902e-06
671 9.20135e-07
672 9.97554e-07
673 7.12967e-07
674 6.29088e-07
675 8.01938e-07
676 1.04076e-06
677 5.25498e-07
678 7.51365e-07
679 6.13743e-07
680 1.17151e-06
681 5.82154e-07
682 1.20331e-06
683 9.66328e-07
684 1.86052e-06
685 1.49424e-06
686 9.66668e-07
687 1.37286e-06
688 1.18953e-06
689 5.93043e-07
690 8.2496e-07
691 5.58496e-07
692 9.43172e-07
693 5.84495e-07
694 9.02552e-07
695 6.66878e-07
696 3.95671e-07
697 4.28726e-07
698 7.13454e-07
699 4.19648e-07
700 1.12181e-06
701 7.60827e-07
702 7.48631e-07
703 4.9984e-07
704 1.11675e-06
705 5.05882e-07
706 1.0687e-06
707 3.07533e-07
708 6.45383e-07
709 6.55168e-07
710 6.10441e-07
711 9.12618e-07
712 1.04265e-06
713 7.43168e-07
714 7.57287e-07
715 6.84945e-07
716 5.66118e-07
717 5.75973e-07
718 1.08249e-06
719 1.76161e-06
720 1.2534e-05
721 7.98446e-07
722 1.20985e-06
723 5.0201e-07
724 1.19584e-06
725 7.36974e-07
726 7.02341e-07
727 7.50299e-07
728 7.73744e-07
729 6.94023e-07
730 6.58867e-07
731 6.20266e-07
732 5.45525e-07
733 5.29374e-07
734 6.5384e-07
735 6.05941e-07
736 6.90052e-07
737 5.4906e-07
738 6.21358e-07
739 6.62148e-07
740 7.56817e-07
741 5.3788e-07
742 1.06648e-06
743 6.78706e-07
744 6.45362e-07
745 4.72177e-07
746 1.0308e-06
747 7.93184e-07
748 8.28246e-07
749 6.45894e-07
750 1.36213e-06
751 9.76751e-07
752 8.28452e-07
753 6.1048e-07
754 1.09054e-06
755 1.40602e-06
756 6.71892e-07
757 4.66137e-07
758 7.31034e-07
759 1.37905e-06
760 1.5718e-06
761 1.54948e-06
762 1.18066e-06
763 1.32398e-06
764 9.30131e-07
765 4.64232e-07
766 1.28089e-06
767 6.06762e-07
768 7.02978e-07
769 7.29662e-07
770 6.94776e-07
771 1.31817e-06
772 1.30056e-06
773 6.97958e-07
774 1.34681e-06
775 1.12608e-06
776 1.15658e-06
777 1.11979e-06
778 2.31982e-06
779 4.65731e-06
780 3.00524e-05
781 2.99797e-06
782 1.54532e-06
783 1.53748e-06
784 1.92175e-06
785 1.06492e-06
786 1.18088e-06
787 9.98331e-07
788 1.07191e-06
789 8.6488e-07
790 8.81168e-07
791 1.12421e-06
792 4.46638e-07
793 5.17456e-07
794 7.32199e-07
795 1.06443e-06
796 5.15396e-07
797 7.2462e-07
798 9.28374e-07
799 9.40827e-07
800 7.0483e-07
802 1.28999e-06
804 7.06354e-07
806 9.49192e-07
808 6.71612e-07
810 1.01736e-06
812 9.08229e-07
814 9.99764e-07
816 6.40605e-07
818 1.07031e-06
820 6.17173e-07
822 1.03238e-06
824 9.09594e-07
826 1.2386e-06
828 6.64801e-07
830 1.04256e-06
832 7.47688e-07
834 1.03697e-06
836 1.2168e-06
838 2.09381e-06
840 8.89519e-06
842 1.15348e-06
844 1.68523e-06
846 1.36116e-06
848 6.18528e-07
850 6.22868e-07
852 7.83418e-07
854 7.98401e-07
856 9.5936e-07
858 1.25451e-06
860 4.90029e-07
862 1.77524e-06
864 4.26386e-07
866 1.24968e-06
868 5.34645e-07
870 8.39937e-07
872 6.3648e-07
874 1.18268e-06
876 9.14247e-07
878 1.03764e-06
880 8.55429e-07
882 8.22245e-07
884 7.13428e-07
886 1.44207e-06
888 6.99122e-07
890 1.10705e-06
892 8.11073e-07
894 9.86053e-07
896 5.27069e-07
898 1.32281e-06
900 1.75701e-05
902 9.36924e-07
904 1.40173e-06
906 8.76268e-07
908 5.78192e-07
910 9.38069e-07
912 8.04369e-07
914 9.00543e-07
916 8.25434e-07
918 9.58123e-07
920 7.49929e-07
922 1.25408e-06
924 8.07919e-07
926 8.8749e-07
928 7.00695e-07
930 8.06837e-07
932 6.58502e-07
934 1.01742e-06
936 1.00571e-06
938 1.2305e-06
940 6.81488e-07
942 7.5374e-07
944 7.43014e-07
946 1.17986e-06
948 7.36791e-07
950 7.19085e-07
952 1.14621e-06
954 7.6644e-07
956 7.31926e-07
958 9.78028e-07
960 8.72315e-06
962 1.04205e-06
964 1.3047e-06
966 5.92441e-07
968 7.493e-07
970 8.93097e-07
972 5.7693e-07
974 6.64219e-07
976 7.2972e-07
978 6.94597e-07
980 6.44592e-07
982 9.31931e-07
984 4.18307e-07
986 7.16412e-07
988 9.34357e-07
990 1.06882e-06
992 6.53985e-07
994 8.65831e-07
996 5.33531e-07
998 5.55154e-07
1000 1.06359e-06
1002 7.33135e-07
1004 5.11498e-06
1006 1.31113e-06
1008 7.36445e-07
1010 5.50381e-07
1012 5.10792e-07
1014 3.99691e-07
1016 5.67389e-07
1018 8.5625e-07
1020 3.36518e-05
1022 6.17859e-07
1024 2.101e-05
1026 4.07759e-07
1028 9.43365e-07
1030 5.6506e-07
1032 7.20252e-07
1034 4.2581e-07
1036 6.16002e-07
1038 3.45131e-07
1040 8.83572e-07
1042 1.39412e-06
1044 7.11328e-07
1046 7.42681e-07
1048 1.02854e-06
1050 6.48403e-07
1052 8.36055e-07
1054 8.08577e-07
1056 6.49098e-07
1058 6.70898e-07
1060 8.91421e-07
1062 9.02445e-07
1064 9.15314e-07
1066 1.9467e-06
1068 5.72752e-07
1070 6.12255e-07
1072 5.69633e-07
1074 3.52433e-07
1076 6.98378e-07
1078 5.46608e-07
1080 6.85081e-06
1082 4.83849e-07
1084 9.81443e-07
1086 7.82279e-07
1088 9.7573e-07
1090 3.79145e-07
1092 4.75662e-07
1094 5.4445e-07
1096 5.03712e-07
1098 5.97356e-07
1100 4.80033e-07
1102 1.0209e-06
1104 4.66533e-07
1106 7.15564e-07
1108 4.94147e-07
1110 3.51404e-07
1112 3.66405e-07
1114 8.10196e-07
1116 5.69022e-07
1118 6.81215e-07
1120 6.07127e-07
1122 8.16722e-07
1124 7.35136e-07
1126 1.37526e-06
1128 6.8803e-07
1130 4.73314e-07
1132 1.07636e-06
1134 7.52694e-07
1136 7.12467e-07
1138 1.16966e-06
1140 1.37152e-05
1142 9.96363e-07
1144 1.51982e-06
1146 3.71036e-07
1148 8.09984e-07
1150 4.8017e-07
1152 5.11257e-07
1154 5.01685e-07
1156 7.47624e-07
1158 5.62045e-07
1160 5.41451e-07
1162 1.05803e-06
1164 4.41143e-07
1166 5.85493e-07
1168 9.40806e-07
1170 6.53435e-07
1172 7.23879e-07
1174 7.30957e-07
1176 6.63648e-07
1178 5.20455e-07
1180 7.71842e-07
1182 4.33253e-07
1184 4.20354e-07
1186 9.38062e-07
1188 1.18087e-06
1190 7.0192e-07
1192 5.9655e-07
1194 6.47556e-07
1196 5.84685e-07
1198 1.26986e-06
1200 8.59114e-06
1202 5.78926e-07
1204 1.4194e-06
1206 5.41766e-07
1208 5.64994e-07
1210 7.53988e-07
1212 7.89845e-07
1214 7.31799e-07
1216 6.33052e-07
1218 6.5741e-07
1220 8.12034e-07
1222 1.08192e-06
1224 7.30915e-07
1226 6.31683e-07
1228 6.09783e-07
1230 4.23891e-07
1232 6.18555e-07
1234 5.33783e-07
1236 9.47021e-07
1238 5.08891e-07
1240 5.86275e-07
1242 7.01045e-07
1244 6.51387e-07
1246 9.36775e-07
1248 6.03946e-07
1250 1.59911e-06
1252 8.48259e-07
1254 2.31644e-06
1256 1.80229e-06
1258 2.74408e-06
1260 2.31181e-05
1262 1.26449e-06
1264 1.15879e-06
1266 5.46792e-07
1268 5.96457e-07
1270 7.42759e-07
1272 6.20424e-07
1274 9.61863e-07
1276 5.49553e-07
1278 5.63406e-07
1280 7.95601e-07
1282 1.03493e-06
1284 7.16129e-07
1286 6.39872e-07
1288 5.59824e-07
1290 5.60582e-07
1292 7.35646e-07
1294 1.56668e-06
1296 1.11237e-06
1298 5.30622e-07
1300 5.47238e-07
1302 8.23475e-07
1304 9.44391e-07
1306 9.72788e-07
1308 5.14843e-07
1310 7.14348e-07
1312 1.25618e-06
1314 8.54411e-07
1316 1.04137e-06
1318 1.1162e-06
1320 6.43513e-06
1322 7.04273e-07
1324 1.13158e-06
1326 6.47147e-07
1328 5.57052e-07
1330 4.81188e-07
1332 8.70243e-07
1334 7.13782e-07
1336 1.02499e-06
1338 3.27114e-06
1340 2.13621e-06
1342 1.27553e-06
1344 9.09955e-07
1346 7.5524e-07
1348 7.60522e-07
1350 6.29799e-07
1352 7.97192e-07
1354 8.67677e-07
1356 5.83988e-07
1358 8.29203e-07
1360 5.99518e-07
1362 7.26934e-07
1364 8.89123e-07
1366 8.30674e-07
1368 6.35785e-07
1370 1.03408e-06
1372 1.596e-06
1374 1.54698e-06
1376 1.13586e-06
1378 1.51456e-06
1380 1.30481e-05
1382 8.10783e-07
1384 1.02239e-06
1386 6.64419e-07
1388 6.16802e-07
1390 6.98898e-07
1392 5.14019e-07
1394 8.84569e-07
1396 4.95717e-07
1398 8.53386e-07
1400 1.07476e-06
1402 1.0987e-06
1404 5.66216e-07
1406 6.70645e-07
1408 9.20059e-07
1410 3.77697e-07
1412 5.90927e-07
1414 5.88374e-07
1416 6.08546e-07
1418 9.12769e-07
1420 5.55876e-07
1422 8.11836e-07
1424 4.53634e-07
1426 1.15947e-06
1428 6.56949e-07
1430 7.45057e-07
1432 6.27516e-07
1434 6.8146e-07
1436 8.77194e-07
1438 1.63856e-06
1440 7.62601e-06
1442 7.17148e-07
1444 1.00934e-06
1446 8.82236e-07
1448 8.14481e-07
1450 8.49617e-07
1452 6.2919e-07
1454 5.94815e-07
1456 6.96384e-07
1458 5.20635e-07
1460 5.32141e-07
1462 1.05024e-06
1464 6.16063e-07
1466 8.60344e-07
1468 9.95331e-07
1470 6.36526e-07
1472 7.59553e-07
1474 5.99967e-07
1476 4.01326e-07
1478 6.92439e-07
1480 7.28985e-07
1482 7.36614e-07
1484 9.59056e-07
1486 8.82094e-07
1488 6.86343e-07
1490 5.87717e-07
1492 7.85164e-07
1494 1.04712e-06
1496 6.42158e-07
1498 1.07204e-06
1500 7.03643e-06
1502 8.99277e-07
1504 1.18657e-06
1506 9.30814e-07
1508 1.02066e-06
1510 1.16796e-06
1512 6.9866e-07
1514 7.82689e-07
1516 5.68701e-07
1518 4.55211e-07
1520 1.00903e-06
1522 1.61078e-06
1524 1.15708e-06
1526 1.30743e-06
1528 7.89958e-07
1530 4.93136e-07
1532 7.04052e-07
1534 5.65943e-07
1536 1.77376e-06
1538 1.00879e-06
1540 5.95416e-07
1542 6.52766e-07
1544 8.92171e-07
1546 8.38402e-07
1548 6.30851e-07
1550 8.63738e-07
1552 5.50221e-07
1554 8.0024e-07
1556 1.15344e-06
1558 1.18896e-06
1560 6.56839e-06
1562 1.9028e-06
1564 1.20461e-06
1566 6.55604e-07
1568 9.75744e-07
1570 6.44964e-07
1572 6.6685e-07
1574 1.06117e-06
1576 1.11955e-06
1578 6.78279e-07
1580 8.25172e-07
1582 7.44598e-07
1584 6.09716e-07
1586 1.1386e-06
1588 7.45283e-07
1590 4.70706e-07
1592 7.38276e-07
1594 7.86536e-07
1596 7.81367e-07
1598 9.05252e-07
1600 1.76355e-06
1604 8.33165e-07
1608 7.69065e-07
1612 8.0165e-07
1616 9.01105e-07
1620 4.2023e-06
1624 1.31706e-06
1628 1.0063e-06
1632 7.78135e-07
1636 7.05285e-07
1640 9.3163e-07
1644 9.6643e-07
1648 1.07449e-06
1652 7.6814e-07
1656 1.00806e-06
1660 8.4284e-07
1664 1.15936e-06
1668 2.46794e-06
1672 3.1586e-06
1676 3.329e-06
1680 6.60125e-06
1684 1.40305e-06
1688 1.72401e-06
1692 7.4002e-07
1696 7.46775e-07
1700 7.9082e-07
1704 6.8375e-07
1708 8.47525e-07
1712 9.37515e-07
1716 9.0582e-07
1720 8.3752e-07
1724 7.55325e-07
1728 8.8003e-07
1732 9.9513e-07
1736 6.46775e-07
1740 9.4417e-06
1744 9.421e-07
1748 1.39547e-06
1752 1.29294e-06
1756 8.1264e-07
1760 1.16186e-06
1764 6.92015e-07
1768 8.00615e-07
1772 8.7575e-07
1776 7.9514e-07
1780 6.86175e-07
1784 8.8239e-07
1788 7.1783e-07
1792 7.46975e-07
1796 9.9133e-07
1800 3.44153e-06
1804 7.69405e-07
1808 8.6598e-07
1812 1.57774e-06
1816 7.656e-07
1820 1.01324e-06
1824 7.58805e-07
1828 6.7774e-07
1832 8.0244e-07
1836 1.03867e-06
1840 7.12105e-07
1844 8.26675e-07
1848 7.62615e-07
1852 8.43635e-07
1856 6.36535e-07
1860 1.1282e-05
1864 9.0004e-07
1868 1.06309e-06
1872 8.93525e-07
1876 1.32108e-06
1880 7.54075e-07
1884 9.0411e-07
1888 7.515e-07
1892 8.42925e-07
1896 1.58081e-06
1900 1.40367e-06
1904 1.09417e-06
1908 1.17941e-06
1912 7.7664e-07
1916 1.00948e-06
1920 3.06171e-06
1924 9.5036e-07
1928 7.88295e-07
1932 7.34615e-07
1936 1.26052e-06
1940 1.00597e-06
1944 9.16525e-07
1948 7.21585e-07
1952 8.77455e-07
1956 6.44275e-07
1960 1.16151e-06
1964 7.29515e-07
1968 1.00728e-06
1972 1.13521e-06
1976 1.85259e-06
1980 1.17486e-05
1984 1.1154e-06
1988 9.50315e-07
1992 1.14615e-06
1996 8.5646e-07
2000 1.6104e-06
2004 1.26645e-06
2008 9.929e-07
2012 7.99005e-07
2016 1.47357e-06
2020 1.18985e-06
2024 1.27848e-06
2028 9.27115e-07
2032 1.01462e-06
2036 8.8232e-07
2040 3.15165e-06
2044 8.6256e-07
2048 1.95335e-05
2052 1.07039e-06
2056 1.04711e-06
2060 1.74306e-06
2064 1.16782e-06
2068 9.5629e-07
2072 1.11935e-06
2076 1.01726e-06
2080 1.18846e-06
2084 1.43936e-06
2088 2.29466e-06
2092 3.8197e-06
2096 3.75234e-06
2100 5.30335e-06
2104 1.40808e-06
2108 1.24798e-06
2112 1.08342e-06
2116 9.64345e-07
2120 1.23216e-06
2124 1.05559e-06
2128 1.31393e-06
2132 1.28923e-06
2136 1.69044e-06
2140 8.8337e-07
2144 7.89955e-07
2148 1.17093e-06
2152 9.9873e-07
2156 1.25522e-06
2160 3.50824e-06
2164 1.03486e-06
2168 1.30596e-06
2172 1.16697e-06
2176 9.4249e-07
2180 1.23907e-06
2184 9.4175e-07
2188 1.29664e-06
2192 9.49615e-07
2196 1.14795e-06
2200 1.23552e-06
2204 1.16107e-06
2208 1.09162e-06
2212 1.19257e-06
2216 1.36591e-06
2220 1.37145e-05
2224 8.94415e-07
2228 9.93615e-07
2232 1.17402e-06
2236 9.34265e-07
2240 1.55362e-06
2244 9.84045e-07
2248 1.25312e-06
2252 1.42897e-06
2256 2.18705e-06
2260 1.68232e-06
2264 9.17115e-07
2268 1.24047e-06
2272 8.9212e-07
2276 1.29821e-06
2280 4.01317e-06
2284 1.31024e-06
2288 1.20347e-06
2292 1.23065e-06
2296 9.2199e-07
2300 1.50526e-06
2304 1.24267e-06
2308 1.28396e-06
2312 1.3308e-06
2316 8.879e-07
2320 1.37988e-06
2324 1.00696e-06
2328 1.30453e-06
2332 1.15202e-06
2336 1.94162e-06
2340 1.64376e-05
2344 1.22512e-06
2348 1.03833e-06
2352 1.0219e-06
2356 1.06329e-06
2360 1.11696e-06
2364 1.29903e-06
2368 1.03651e-06
2372 1.62496e-06
2376 2.61357e-06
2380 1.37582e-06
2384 9.0882e-07
2388 1.03711e-06
2392 1.26692e-06
2396 1.45367e-06
2400 2.63732e-06
2404 1.18525e-06
2408 9.65875e-07
2412 9.96605e-07
2416 8.2375e-07
2420 2.28427e-06
2424 1.09094e-06
2428 1.10608e-06
2432 1.06025e-06
2436 1.1772e-06
2440 1.32492e-06
2444 1.13703e-06
2448 1.24531e-06
2452 1.08214e-06
2456 1.32333e-06
2460 7.9753e-06
2464 1.00089e-06
2468 1.01398e-06
2472 1.13255e-06
2476 1.30645e-06
2480 1.68494e-06
2484 1.37671e-06
2488 1.23019e-06
2492 1.53317e-06
2496 2.24188e-06
2500 1.86521e-06
2504 1.44344e-06
2508 3.46974e-06
2512 4.20592e-06
2516 3.16168e-06
2520 3.31204e-06
2524 1.53546e-06
2528 1.04341e-06
2532 6.84585e-07
2536 1.0626e-06
2540 2.35117e-06
2544 1.24436e-06
2548 9.36895e-07
2552 1.27321e-06
2556 1.13158e-06
2560 1.91424e-06
2564 1.35014e-06
2568 1.69937e-06
2572 1.20709e-06
2576 1.63592e-06
2580 1.45226e-05
2584 7.87495e-07
2588 1.09475e-06
2592 1.26414e-06
2596 9.63385e-07
2600 1.61103e-06
2604 1.12674e-06
2608 1.48488e-06
2612 1.21076e-06
2616 2.23843e-06
2620 1.52064e-06
2624 1.2474e-06
2628 1.10458e-06
2632 1.48452e-06
2636 1.39191e-06
2640 2.92078e-06
2644 1.25792e-06
2648 1.00126e-06
2652 1.01415e-06
2656 1.44432e-06
2660 2.25021e-06
2664 1.27831e-06
2668 1.43971e-06
2672 1.41237e-06
2676 1.12262e-06
2680 1.30062e-06
2684 1.02324e-06
2688 1.53264e-06
2692 9.7623e-07
2696 1.06941e-06
2700 4.5534e-06
2704 9.85275e-07
2708 9.9778e-07
2712 1.29292e-06
2716 1.11557e-06
2720 1.32842e-06
2724 1.08168e-06
2728 1.12275e-06
2732 1.11403e-06
2736 3.17728e-06
2740 1.62277e-06
2744 1.14568e-06
2748 1.13468e-06
2752 1.28912e-06
2756 1.31182e-06
2760 4.2591e-06
2764 1.09664e-06
2768 1.14806e-06
2772 1.11122e-06
2776 9.5942e-07
2780 2.25946e-06
2784 9.9327e-07
2788 1.10353e-06
2792 1.25248e-06
2796 1.14514e-06
2800 1.41442e-06
2804 1.01319e-06
2808 1.56835e-06
2812 1.69117e-06
2816 1.09183e-06
2820 1.15486e-05
2824 1.03499e-06
2828 8.9376e-07
2832 1.04308e-06
2836 9.69485e-07
2840 1.35155e-06
2844 1.03291e-06
2848 1.15154e-06
2852 1.09264e-06
2856 3.23899e-06
2860 2.15171e-06
2864 1.03058e-06
2868 9.7014e-07
2872 1.03473e-06
2876 1.06207e-06
2880 5.08755e-06
2884 1.27289e-06
2888 1.13182e-06
2892 9.29235e-07
2896 6.90515e-07
2900 1.57076e-06
2904 9.7048e-07
2908 1.31636e-06
2912 1.31001e-06
2916 1.2289e-06
2920 1.93691e-06
2924 2.3371e-06
2928 3.09067e-06
2932 3.52148e-06
2936 2.75303e-06
2940 1.71277e-05
2944 1.6615e-06
2948 1.4989e-06
2952 1.22499e-06
2956 1.34875e-06
2960 1.59764e-06
2964 1.10009e-06
2968 1.16967e-06
2972 1.07291e-06
2976 2.63553e-06
2980 1.71568e-06
2984 8.9892e-07
2988 1.12652e-06
2992 1.25292e-06
2996 1.09685e-06
3000 2.56537e-06
3004 1.10965e-06
3008 1.14209e-06
3012 9.8901e-07
3016 1.10641e-06
3020 1.98159e-06
3024 9.69675e-07
3028 1.07214e-06
3032 9.85975e-07
3036 1.68705e-06
3040 1.57266e-06
3044 1.51615e-06
3048 1.43022e-06
3052 1.91424e-06
3056 1.3972e-06
3060 3.98051e-06
3064 1.13613e-06
3068 8.1045e-07
3072 9.8878e-06
3076 1.04347e-06
3080 1.04393e-06
3084 1.14294e-06
3088 1.07712e-06
3092 7.9006e-07
3096 1.53725e-06
3100 1.20224e-06
3104 8.5126e-07
3108 1.01783e-06
3112 1.4868e-06
3116 1.11865e-06
3120 2.9511e-06
3124 1.27414e-06
3128 9.20435e-07
3132 1.13114e-06
3136 8.22375e-07
3140 1.86046e-06
3144 9.6429e-07
3148 1.33587e-06
3152 1.4124e-06
3156 9.02e-07
3160 1.05077e-06
3164 9.25365e-07
3168 1.28361e-06
3172 1.2259e-06
3176 1.26652e-06
3180 7.34245e-06
3184 9.04265e-07
3188 1.21516e-06
3192 1.21723e-06
3196 7.93335e-07
3200 1.01421e-06
3208 1.09834e-06
3216 2.05178e-06
3224 1.30082e-06
3232 1.16137e-06
3240 4.29037e-06
3248 1.15794e-06
3256 1.26358e-06
3264 1.25736e-06
3272 1.40872e-06
3280 1.52947e-06
3288 2.06454e-06
3296 5.72431e-06
3304 6.55e-06
3312 2.5056e-06
3320 2.25548e-06
3328 2.29596e-06
3336 2.05126e-06
3344 3.25899e-06
3352 2.39419e-06
3360 4.50936e-06
3368 1.59205e-06
3376 1.53837e-06
3384 1.73447e-06
3392 1.99217e-06
3400 2.76352e-06
3408 3.46627e-06
3416 1.01215e-05
3424 9.91908e-06
3432 3.22058e-06
3440 2.22641e-06
3448 1.88291e-06
3456 1.88191e-06
3464 1.60812e-06
3472 1.51727e-06
3480 2.28761e-06
3488 1.38168e-06
3496 1.60576e-06
3504 1.51068e-06
3512 1.52873e-06
3520 1.55518e-06
3528 2.2363e-06
3536 5.059e-06
3544 4.89615e-06
3552 1.75699e-06
3560 1.28403e-06
3568 1.22352e-06
3576 1.39103e-06
3584 1.10363e-06
3592 1.05866e-06
3600 2.39508e-06
3608 1.11817e-06
3616 1.08813e-06
3624 1.23512e-06
3632 1.12759e-06
3640 1.77697e-06
3648 1.80806e-06
3656 4.40121e-06
3664 4.6016e-06
3672 1.88178e-06
3680 1.25682e-06
3688 1.10874e-06
3696 1.31722e-06
3704 1.21031e-06
3712 1.11054e-06
3720 3.61841e-06
3728 1.22787e-06
3736 9.32787e-07
3744 1.36147e-06
3752 1.35374e-06
3760 2.55315e-06
3768 2.9724e-06
3776 3.67459e-06
3784 2.80984e-06
3792 1.39309e-06
3800 1.02755e-06
3808 1.04343e-06
3816 1.28103e-06
3824 1.13847e-06
3832 8.49529e-07
3840 2.16137e-06
3848 8.16896e-07
3856 1.13503e-06
3864 9.21572e-07
3872 1.08007e-06
3880 1.47717e-06
3888 1.65639e-06
3896 2.54491e-06
3904 2.62334e-06
3912 1.20687e-06
3920 1.29584e-06
3928 1.15665e-06
3936 1.1021e-06
3944 1.26839e-06
3952 1.15856e-06
3960 1.80452e-06
3968 7.25527e-07
3976 9.10103e-07
3984 9.13798e-07
3992 1.18638e-06
4000 1.39217e-06
4008 1.1427e-06
4016 2.82623e-06
4024 3.07495e-06
4032 1.3545e-06
4040 9.93531e-07
4048 1.63157e-06
4056 1.63444e-06
4064 1.28666e-06
4072 1.03765e-06
4080 1.98809e-06
4088 9.89048e-07
4096 2.10731e-06
4104 1.03837e-06
4112 1.15068e-06
4120 1.53485e-06
4128 1.15414e-06
4136 2.18729e-06
4144 1.1911e-06
4152 8.32837e-07
4160 1.24896e-06
4168 1.7451e-06
4176 2.47094e-06
4184 2.14805e-06
4192 1.43405e-06
4200 1.47705e-06
4208 1.16209e-06
4216 9.95108e-07
4224 1.20319e-06
4232 1.16412e-06
4240 1.38328e-06
4248 1.90086e-06
4256 4.98956e-06
4264 4.76862e-06
4272 1.82161e-06
4280 1.24452e-06
4288 1.32792e-06
4296 1.28701e-06
4304 1.27624e-06
4312 1.2733e-06
4320 1.52129e-06
4328 1.12195e-06
4336 1.14056e-06
4344 1.09831e-06
4352 9.56687e-07
4360 1.23137e-06
4368 1.38881e-06
4376 3.00742e-06
4384 2.4023e-06
4392 1.27489e-06
4400 9.30043e-07
4408 1.04886e-06
4416 1.34063e-06
4424 1.24103e-06
4432 1.02942e-06
4440 1.46656e-06
4448 1.00623e-06
4456 1.0779e-06
4464 8.875e-07
4472 1.06068e-06
4480 1.30544e-06
4488 1.32407e-06
4496 2.7351e-06
4504 2.44126e-06
4512 1.31896e-06
4520 1.21831e-06
4528 1.23768e-06
4536 1.44123e-06
4544 1.12812e-06
4552 9.71469e-07
4560 2.47841e-06
4568 1.15978e-06
4576 1.06555e-06
4584 1.33787e-06
4592 2.01452e-06
4600 1.55529e-06
4608 2.0773e-06
4616 3.59504e-06
4624 3.8305e-06
4632 1.178e-06
4640 1.15936e-06
4648 9.26625e-07
4656 1.009e-06
4664 8.94207e-07
4672 9.93241e-07
4680 1.37062e-06
4688 8.91966e-07
4696 8.20746e-07
4704 8.75738e-07
4712 1.02596e-06
4720 1.07108e-06
4728 1.35377e-06
4736 1.6884e-06
4744 1.54703e-06
4752 8.67213e-07
4760 1.13122e-06
4768 1.06864e-06
4776 1.10478e-06
4784 1.16293e-06
4792 8.56557e-07
4800 1.65518e-06
4808 6.45168e-07
4816 1.10406e-06
4824 8.30504e-07
4832 9.11888e-07
4840 7.54398e-07
4848 1.46817e-06
4856 1.55993e-06
4864 1.61462e-06
4872 9.76143e-07
4880 1.0972e-06
4888 1.04036e-06
4896 1.22367e-06
4904 9.28537e-07
4912 9.06967e-07
4920 1.56029e-06
4928 8.07074e-07
4936 9.02982e-07
4944 1.12202e-06
4952 1.05622e-06
4960 1.15429e-06
4968 1.1003e-06
4976 1.87795e-06
4984 1.97733e-06
4992 9.48276e-07
5000 1.07613e-06
5008 9.15392e-07
5016 1.23258e-06
5024 1.69275e-06
5032 1.01288e-06
5040 1.47461e-06
5048 8.21923e-07
5056 9.91155e-07
5064 8.29843e-07
5072 7.503e-07
5080 1.04156e-06
5088 1.04439e-06
5096 2.29273e-06
5104 2.50554e-06
5112 1.13154e-06
5120 1.2577e-06
5128 1.01623e-06
5136 1.22148e-06
5144 8.16715e-07
5152 1.13079e-06
5160 1.23223e-06
5168 8.78605e-07
5176 8.6126e-07
5184 7.37901e-07
5192 8.89887e-07
5200 9.57101e-07
5208 1.32929e-06
5216 3.14564e-06
5224 2.94025e-06
5232 1.30714e-06
5240 1.14793e-06
5248 1.2128e-06
5256 1.20552e-06
5264 1.04948e-06
5272 9.14706e-07
5280 1.44361e-06
5288 9.02247e-07
5296 1.01595e-06
5304 1.00595e-06
5312 9.50903e-07
5320 1.05025e-06
5328 1.44484e-06
5336 3.08228e-06
5344 2.67941e-06
5352 1.2059e-06
5360 1.02516e-06
5368 9.79806e-07
5376 1.05972e-06
5384 1.02809e-06
5392 9.66244e-07
5400 1.48964e-06
5408 9.4916e-07
5416 9.51575e-07
5424 1.04569e-06
5432 1.16247e-06
5440 1.40286e-06
5448 1.54429e-06
5456 3.97521e-06
5464 3.56194e-06
5472 1.383e-06
5480 1.04331e-06
5488 1.0332e-06
5496 9.33816e-07
5504 9.00373e-07
5512 9.24737e-07
5520 1.54668e-06
5528 9.28884e-07
5536 1.08576e-06
5544 7.85539e-07
5552 8.92238e-07
5560 8.91237e-07
5568 8.93376e-07
5576 2.09492e-06
5584 2.20454e-06
5592 1.15871e-06
5600 1.31388e-06
5608 1.08849e-06
5616 1.00111e-06
5624 9.71904e-07
5632 8.48199e-07
5640 1.24032e-06
5648 7.67883e-07
5656 1.06346e-06
5664 1.27952e-06
5672 1.43092e-06
5680 1.23354e-06
5688 1.18944e-06
5696 2.11075e-06
5704 1.99019e-06
5712 1.18293e-06
5720 9.05712e-07
5728 8.25611e-07
5736 9.91799e-07
5744 9.08586e-07
5752 8.02372e-07
5760 1.71141e-06
5768 1.0101e-06
5776 1.22559e-06
5784 1.01584e-06
5792 1.01718e-06
5800 1.01995e-06
5808 8.6744e-07
5816 1.39102e-06
5824 1.96115e-06
5832 8.09248e-07
5840 1.10406e-06
5848 9.64243e-07
5856 1.25869e-06
5864 9.71515e-07
5872 9.72201e-07
5880 1.14052e-06
5888 6.7108e-07
5896 9.86078e-07
5904 8.81822e-07
5912 1.28798e-06
5920 1.04621e-06
5928 1.16981e-06
5936 2.52763e-06
5944 2.21053e-06
5952 1.12109e-06
5960 1.06113e-06
5968 1.25493e-06
5976 1.06954e-06
5984 8.64848e-07
5992 1.01041e-06
6000 1.34848e-06
6008 8.85223e-07
6016 1.10215e-06
6024 8.13452e-07
6032 9.21466e-07
6040 8.29238e-07
6048 1.02054e-06
6056 1.8619e-06
6064 1.68647e-06
6072 7.91857e-07
6080 1.07806e-06
6088 9.46484e-07
6096 7.61671e-07
6104 8.05957e-07
6112 7.79684e-07
6120 1.18024e-06
6128 9.68164e-07
6136 9.70525e-07
6144 1.33576e-06
6152 1.08816e-06
6160 1.13935e-06
6168 1.01865e-06
6176 2.33405e-06
6184 2.0986e-06
6192 1.24416e-06
6200 1.00269e-06
6208 1.0332e-06
6216 9.94966e-07
6224 8.89636e-07
6232 1.11045e-06
6240 1.30863e-06
6248 8.18427e-07
6256 1.26205e-06
6264 9.83837e-07
6272 8.49585e-07
6280 1.03595e-06
6288 1.27279e-06
6296 2.77147e-06
6304 2.29544e-06
6312 9.02901e-07
6320 9.51999e-07
6328 9.59894e-07
6336 8.1842e-07
6344 1.13594e-06
6352 9.16209e-07
6360 9.56192e-07
6368 9.95974e-07
6376 1.11787e-06
6384 1.00482e-06
6392 1.02409e-06
6400 9.84229e-07
6416 2.63035e-06
6432 1.18474e-06
6448 1.24041e-06
6464 1.19177e-06
6480 1.22762e-06
6496 1.22271e-06
6512 1.76933e-06
6528 1.15961e-06
6544 2.49498e-06
6560 1.09311e-06
6576 1.09367e-06
6592 1.35339e-06
6608 1.11093e-06
6624 1.11714e-06
6640 8.82513e-07
6656 2.83063e-06
6672 1.32953e-06
6688 1.12358e-06
6704 9.01933e-07
6720 1.17552e-06
6736 9.93013e-07
6752 1.16942e-06
6768 1.631e-06
6784 2.15942e-06
6800 1.02201e-06
6816 1.05851e-06
6832 1.03671e-06
6848 1.04456e-06
6864 1.04482e-06
6880 9.5626e-07
6896 3.74255e-06
6912 1.32522e-06
6928 1.2164e-06
6944 1.2459e-06
6960 8.56275e-07
6976 1.18224e-06
6992 1.05734e-06
7008 1.20133e-06
7024 1.87203e-06
7040 1.23043e-06
7056 1.10515e-06
7072 7.71187e-07
7088 1.01371e-06
7104 1.04081e-06
7120 9.30975e-07
7136 1.78921e-06
7152 1.22614e-06
7168 7.7635e-07
7184 1.21117e-06
7200 9.83308e-07
7216 9.4874e-07
7232 1.20645e-06
7248 1.48976e-06
7264 2.53068e-06
7280 1.4344e-06
7296 1.05216e-06
7312 1.18916e-06
7328 1.03136e-06
7344 1.245e-06
7360 1.01188e-06
7376 3.56987e-06
7392 1.50054e-06
7408 1.23489e-06
7424 1.11804e-06
7440 1.16346e-06
7456 1.33206e-06
7472 1.50927e-06
7488 2.21534e-06
7504 4.14273e-06
7520 1.82481e-06
7536 1.1709e-06
7552 1.35982e-06
7568 1.51726e-06
7584 1.38469e-06
7600 1.29223e-06
7616 4.79558e-06
7632 1.77505e-06
7648 1.75085e-06
7664 1.30299e-06
7680 1.71021e-06
7696 5.20985e-06
7712 2.08377e-06
7728 2.9532e-06
7744 5.2303e-06
7760 2.04753e-06
7776 1.66076e-06
7792 2.29297e-06
7808 4.61275e-06
7824 8.6156e-06
7840 2.35938e-06
7856 5.29573e-06
7872 1.79611e-06
7888 1.41084e-06
7904 8.32457e-07
7920 1.578e-06
7936 2.71513e-06
7952 1.53754e-06
7968 3.1087e-06
7984 4.21407e-06
8000 1.55219e-06
8016 1.88646e-06
8032 2.1304e-06
8048 4.429e-06
8064 9.52655e-06
8080 2.6078e-06
8096 6.63818e-06
8112 2.01332e-06
8128 1.56473e-06
8144 1.45148e-06
8160 1.69454e-06
8176 3.57145e-06
8192 1.90676e-06
8208 3.06108e-06
8224 5.84607e-06
8240 2.01961e-06
8256 1.66384e-06
8272 1.57485e-06
8288 1.38533e-06
8304 2.40203e-06
8320 1.32866e-06
8336 6.6398e-06
8352 1.69016e-06
8368 1.46633e-06
8384 1.04884e-06
8400 1.24339e-06
8416 1.57049e-06
8432 1.14842e-06
8448 2.57927e-06
8464 4.12507e-06
8480 1.37373e-06
8496 1.28969e-06
8512 1.25448e-06
8528 1.61996e-06
8544 2.81695e-06
8560 1.26778e-06
8576 4.16305e-06
8592 1.16912e-06
8608 1.31711e-06
8624 1.14959e-06
8640 1.41968e-06
8656 1.54046e-06
8672 1.24408e-06
8688 1.3699e-06
8704 2.12371e-06
8720 1.23991e-06
8736 1.17371e-06
8752 1.15275e-06
8768 1.21961e-06
8784 1.3913e-06
8800 1.18623e-06
8816 3.184e-06
8832 1.21441e-06
8848 1.03133e-06
8864 1.04083e-06
8880 1.31323e-06
8896 1.27684e-06
8912 1.10568e-06
8928 1.61894e-06
8944 2.18902e-06
8960 1.22419e-06
8976 1.33333e-06
8992 1.34071e-06
9008 1.02378e-06
9024 1.37445e-06
9040 1.11104e-06
9056 2.49427e-06
9072 1.28239e-06
9088 1.3256e-06
9104 1.2321e-06
9120 1.41869e-06
9136 1.33376e-06
9152 1.11116e-06
9168 1.15928e-06
9184 2.38286e-06
9200 1.3865e-06
9216 1.23299e-06
9232 1.3967e-06
9248 1.4003e-06
9264 1.5185e-06
9280 1.08651e-06
9296 2.5606e-06
9312 1.25621e-06
9328 1.27621e-06
9344 1.05891e-06
9360 1.10603e-06
9376 1.26292e-06
9392 1.18969e-06
9408 1.24237e-06
9424 1.73767e-06
9440 1.20815e-06
9456 1.06164e-06
9472 1.19882e-06
9488 1.00745e-06
9504 1.18363e-06
9520 1.08612e-06
9536 1.90083e-06
9552 1.1526e-06
9568 1.08224e-06
9584 1.30625e-06
9600 1.15107e-06
9616 1.23039e-06
9632 1.33436e-06
9648 1.56252e-06
9664 1.8382e-06
9680 1.19092e-06
9696 1.34065e-06
9712 1.20083e-06
9728 1.36315e-06
9744 8.6057e-07
9760 1.08589e-06
9776 1.90381e-06
9792 1.58993e-06
9808 1.60586e-06
9824 1.22182e-06
9840 1.4341e-06
9856 1.44909e-06
9872 9.5916e-07
9888 1.15919e-06
9904 1.25747e-06
9920 1.12971e-06
9936 1.41513e-06
9952 1.33469e-06
9968 1.53397e-06
9984 1.19071e-06
10000 1.08119e-06
10016 1.59081e-06
10032 1.53335e-06
10048 9.5285e-07
10064 1.3643e-06
10080 1.20982e-06
10096 1.40709e-06
10112 1.05385e-06
10128 1.15224e-06
10144 1.36058e-06
10160 1.45727e-06
10176 1.18351e-06
10192 1.49419e-06
10208 1.25307e-06
10224 1.28018e-06
10240 1.24173e-06
10256 1.25288e-06
10272 1.41661e-06
10288 1.2231e-06
10304 1.14227e-06
10320 1.10745e-06
10336 1.33386e-06
10352 1.06272e-06
10368 1.11638e-06
10384 1.47165e-06
10400 1.21702e-06
10416 1.27211e-06
10432 1.44514e-06
10448 1.25702e-06
10464 1.19415e-06
10480 1.58177e-06
10496 1.83636e-06
10512 1.15452e-06
10528 1.18854e-06
10544 1.17698e-06
10560 1.26711e-06
10576 1.43551e-06
10592 1.15841e-06
10608 1.19396e-06
10624 1.88563e-06
10640 9.38645e-07
10656 1.29015e-06
10672 1.46521e-06
10688 1.43538e-06
10704 1.20307e-06
10720 1.29222e-06
10736 1.29057e-06
10752 1.01168e-06
10768 1.19789e-06
10784 9.40075e-07
10800 1.27499e-06
10816 1.51405e-06
10832 1.34098e-06
10848 9.6491e-07
10864 1.25639e-06
10880 1.13936e-06
10896 1.48526e-06
10912 1.2343e-06
10928 1.21654e-06
10944 1.10177e-06
10960 1.18169e-06
10976 1.2801e-06
10992 1.2813e-06
11008 1.02004e-06
11024 1.29352e-06
11040 1.39427e-06
11056 1.05162e-06
11072 8.23782e-07
11088 1.23421e-06
11104 1.43379e-06
11120 1.06631e-06
11136 1.21391e-06
11152 1.36202e-06
11168 1.48422e-06
11184 1.24989e-06
11200 1.05342e-06
11216 1.27446e-06
11232 1.23352e-06
11248 1.23922e-06
11264 1.11386e-06
11280 8.99617e-07
11296 1.33958e-06
11312 1.22961e-06
11328 1.46733e-06
11344 1.91707e-06
11360 1.14243e-06
11376 1.19179e-06
11392 1.25653e-06
11408 1.07753e-06
11424 1.03447e-06
11440 1.02985e-06
11456 1.63297e-06
11472 9.70648e-07
11488 9.74212e-07
11504 1.28951e-06
11520 1.70615e-06
11536 1.51885e-06
11552 1.47299e-06
11568 1.42389e-06
11584 1.83994e-06
11600 1.13702e-06
11616 1.05047e-06
11632 1.03776e-06
11648 1.41176e-06
11664 9.74293e-07
11680 1.05851e-06
11696 1.26988e-06
11712 1.25972e-06
11728 1.09088e-06
11744 1.03784e-06
11760 1.10546e-06
11776 1.28621e-06
11792 1.08196e-06
11808 1.60768e-06
11824 1.21548e-06
11840 1.14003e-06
11856 1.24875e-06
11872 1.34163e-06
11888 1.13403e-06
11904 1.41761e-06
11920 1.20487e-06
11936 2.16317e-06
11952 1.74792e-06
11968 1.25249e-06
11984 1.38117e-06
12000 1.42354e-06
12016 1.16686e-06
12032 1.0983e-06
12048 1.54316e-06
12064 1.53284e-06
12080 1.08053e-06
12096 1.33501e-06
12112 1.26211e-06
12128 1.4741e-06
12144 1.2402e-06
12160 1.2715e-06
12176 1.28803e-06
12192 1.48713e-06
12208 1.22267e-06
12224 1.20789e-06
12240 1.29058e-06
12256 1.30763e-06
12272 1.49065e-06
12288 1.37241e-06
12304 1.23985e-06
12320 1.20163e-06
12336 1.63764e-06
12352 2.06364e-06
12368 2.88542e-06
12384 1.27397e-06
12400 1.15603e-06
12416 1.84401e-06
12432 1.30015e-06
12448 1.10822e-06
12464 1.14653e-06
12480 1.8185e-06
12496 1.44986e-06
12512 1.08866e-06
12528 1.28528e-06
12544 1.34479e-06
12560 1.46634e-06
12576 1.25204e-06
12592 1.48604e-06
12608 1.40123e-06
12624 1.20338e-06
12640 1.2797e-06
12656 1.73964e-06
12672 1.15054e-06
12688 1.23815e-06
12704 1.17833e-06
12720 1.27895e-06
12736 1.30101e-06
12752 1.274e-06
12768 1.77473e-06
12784 2.18317e-06
12800 1.41219e-06
12832 1.34158e-06
12864 1.42101e-06
12896 1.55018e-06
12928 1.45551e-06
12960 1.40913e-06
12992 1.49027e-06
13024 1.30052e-06
13056 1.40615e-06
13088 1.38168e-06
13120 1.3086e-06
13152 1.47906e-06
13184 1.76087e-06
13216 1.24763e-06
13248 1.55038e-06
13280 1.33589e-06
13312 1.44552e-06
13344 1.07245e-06
13376 1.50481e-06
13408 1.23867e-06
13440 1.38977e-06
13472 1.27452e-06
13504 1.58803e-06
13536 1.20527e-06
13568 1.39516e-06
13600 1.55295e-06
13632 1.72838e-06
13664 1.36353e-06
13696 1.31396e-06
13728 1.36881e-06
13760 1.2987e-06
13792 1.8121e-06
13824 1.45435e-06
13856 1.4475e-06
13888 1.32986e-06
13920 1.73036e-06
13952 1.10912e-06
13984 1.49114e-06
14016 1.73528e-06
14048 1.6248e-06
14080 1.52478e-06
14112 1.20266e-06
14144 1.29413e-06
14176 1.08871e-06
14208 1.36594e-06
14240 1.41904e-06
14272 1.43551e-06
14304 1.37439e-06
14336 1.49823e-06
14368 1.17441e-06
14400 1.63964e-06
14432 1.26994e-06
14464 1.66109e-06
14496 1.44345e-06
14528 1.42138e-06
14560 1.66766e-06
14592 1.18209e-06
14624 1.24331e-06
14656 1.29933e-06
14688 1.2843e-06
14720 1.53257e-06
14752 1.53194e-06
14784 1.2449e-06
14816 1.25318e-06
14848 1.50073e-06
14880 1.42816e-06
14912 1.33171e-06
14944 1.54556e-06
14976 1.54749e-06
15008 1.67985e-06
15040 1.4888e-06
15072 1.52118e-06
15104 1.56402e-06
15136 1.61163e-06
15168 1.48337e-06
15200 1.37457e-06
15232 1.54481e-06
15264 1.37424e-06
15296 1.75373e-06
15328 1.35175e-06
15360 1.34649e-06
15392 1.68704e-06
15424 1.20551e-06
15456 1.2258e-06
15488 1.57302e-06
15520 1.33354e-06
15552 1.66532e-06
15584 1.64098e-06
15616 1.40116e-06
15648 1.44467e-06
15680 1.58882e-06
15712 1.86871e-06
15744 1.49078e-06
15776 1.28619e-06
15808 1.81049e-06
15840 1.93882e-06
15872 1.81334e-06
15904 1.43154e-06
15936 1.4794e-06
15968 1.42378e-06
16000 1.35437e-06
16032 1.82283e-06
16064 1.46381e-06
16096 1.728e-06
16128 2.64244e-06
16160 1.60064e-06
16192 1.70372e-06
16224 1.49347e-06
16256 1.46854e-06
16288 1.76146e-06
16320 1.47911e-06
16352 1.74608e-06
16384 1.44546e-06
16416 2.12174e-06
16448 2.05816e-06
16480 1.47441e-06
16512 1.98702e-06
16544 4.66851e-06
16576 2.14054e-06
16608 1.98884e-06
16640 1.40308e-06
16672 2.13509e-06
16704 1.52849e-06
16736 1.75548e-06
16768 1.65957e-06
16800 2.01432e-06
16832 1.92027e-06
16864 2.26626e-06
16896 1.92223e-06
16928 2.86718e-06
16960 5.51556e-06
16992 2.32228e-06
17024 2.2822e-06
17056 2.96124e-06
17088 7.00509e-06
17120 3.2788e-05
17152 4.7743e-06
17184 3.05857e-06
17216 2.54935e-06
17248 2.26928e-06
17280 1.85888e-06
17312 1.8975e-06
17344 1.96975e-06
17376 4.54954e-06
17408 1.73194e-06
17440 1.98273e-06
17472 1.93233e-06
17504 1.58175e-06
17536 1.53662e-06
17568 1.63413e-06
17600 2.38079e-06
17632 1.46902e-06
17664 1.8863e-06
17696 1.4953e-06
17728 1.48497e-06
17760 1.85257e-06
17792 4.37807e-06
17824 1.82487e-06
17856 1.66188e-06
17888 1.4768e-06
17920 1.64456e-06
17952 1.82739e-06
17984 2.00737e-06
18016 1.55081e-06
18048 1.59281e-06
18080 1.4492e-06
18112 1.78732e-06
18144 1.50656e-06
18176 1.53713e-06
18208 2.8385e-06
18240 1.7777e-06
18272 1.71876e-06
18304 1.84557e-06
18336 2.05416e-06
18368 1.53357e-06
18400 1.45225e-06
18432 1.67072e-06
18464 2.05597e-06
18496 2.01704e-06
18528 2.04297e-06
18560 2.06134e-06
18592 1.90192e-06
18624 2.42384e-06
18656 1.9773e-06
18688 1.75737e-06
18720 1.70328e-06
18752 1.91677e-06
18784 2.08498e-06
18816 1.9249e-06
18848 2.1524e-06
18880 1.74388e-06
18912 2.14959e-06
18944 1.95004e-06
18976 1.84369e-06
19008 5.19587e-06
19040 2.55483e-06
19072 2.0854e-06
19104 2.39686e-06
19136 7.88345e-06
19168 2.78936e-06
19200 2.23778e-06
19232 4.65973e-06
19264 8.0438e-06
19296 2.62828e-06
19328 2.72657e-06
19360 4.23997e-06
19392 4.03242e-06
19424 2.03967e-06
19456 2.07875e-06
19488 1.77936e-06
19520 2.65197e-06
19552 3.66935e-06
19584 1.89597e-05
19616 5.25969e-06
19648 2.7371e-06
19680 3.08435e-06
19712 2.11943e-06
19744 1.99519e-06
19776 1.64111e-06
19808 2.10794e-06
19840 1.81804e-06
19872 2.06739e-06
19904 1.92936e-06
19936 1.95301e-06
19968 2.4185e-06
20000 1.49031e-06
20032 1.82103e-06
20064 1.76381e-06
20096 1.69378e-06
20128 2.30984e-06
20160 1.73933e-06
20192 2.14216e-06
20224 1.886e-06
20256 1.98619e-06
20288 1.86356e-06
20320 2.17022e-06
20352 2.21887e-06
20384 2.48331e-06
20416 2.37003e-06
20448 2.3865e-06
20480 2.01667e-06
20512 2.16802e-06
20544 2.25037e-06
20576 1.66732e-06
20608 2.50664e-06
20640 2.2156e-06
20672 1.80148e-06
20704 2.02561e-06
20736 2.46462e-06
20768 2.19067e-06
20800 2.11692e-06
20832 1.73994e-06
20864 2.32845e-06
20896 2.19458e-06
20928 1.77583e-06
20960 1.88361e-06
20992 2.24061e-06
21024 2.33646e-06
21056 1.91288e-06
21088 2.30356e-06
21120 2.43741e-06
21152 2.0973e-06
21184 2.01743e-06
21216 2.31761e-06
21248 2.23621e-06
21280 1.82921e-06
21312 2.4048e-06
21344 2.3093e-06
21376 2.59736e-06
21408 2.45274e-06
21440 1.91232e-06
21472 2.50346e-06
21504 1.79863e-06
21536 2.40618e-06
21568 2.55432e-06
21600 2.09139e-06
21632 1.977e-06
21664 2.07149e-06
21696 2.30626e-06
21728 2.92341e-06
21760 1.91352e-06
21792 1.9715e-06
21824 1.98621e-06
21856 2.42523e-06
21888 2.19094e-06
21920 1.8397e-06
21952 2.18024e-06
21984 2.25742e-06
22016 2.00373e-06
22048 2.13896e-06
22080 2.39852e-06
22112 2.03551e-06
22144 2.37823e-06
22176 1.88112e-06
22208 1.86811e-06
22240 2.86186e-06
22272 2.40263e-06
22304 2.09921e-06
22336 2.10492e-06
22368 1.99989e-06
22400 2.27637e-06
22432 2.44967e-06
22464 1.90019e-06
22496 2.44719e-06
22528 2.41249e-06
22560 2.10513e-06
22592 2.49937e-06
22624 2.44463e-06
22656 2.31913e-06
22688 2.44387e-06
22720 2.39815e-06
22752 1.96033e-06
22784 2.33161e-06
22816 2.47314e-06
22848 2.25035e-06
22880 2.24805e-06
22912 2.44364e-06
22944 2.29419e-06
22976 2.57795e-06
23008 2.48074e-06
23040 2.92249e-06
23072 2.8466e-06
23104 2.63952e-06
23136 2.71301e-06
23168 2.04364e-06
23200 2.9698e-06
23232 2.68499e-06
23264 2.74023e-06
23296 2.12956e-06
23328 3.10091e-06
23360 2.58653e-06
23392 2.43521e-06
23424 2.46096e-06
23456 3.1068e-06
23488 2.39197e-06
23520 2.0747e-06
23552 2.23688e-06
23584 2.23366e-06
23616 2.44295e-06
23648 2.74718e-06
23680 2.4666e-06
23712 3.09326e-06
23744 2.39646e-06
23776 2.54523e-06
23808 2.1518e-06
23840 2.4803e-06
23872 3.39121e-06
23904 2.43766e-06
23936 3.24958e-06
23968 2.52273e-06
24000 2.87773e-06
24032 2.42389e-06
24064 2.82979e-06
24096 2.4037e-06
24128 2.87092e-06
24160 2.90527e-06
24192 3.1019e-06
24224 3.16565e-06
24256 2.87458e-06
24288 3.0511e-06
24320 2.32152e-06
24352 2.82042e-06
24384 3.11622e-06
24416 2.64723e-06
24448 2.65354e-06
24480 3.10045e-06
24512 2.82586e-06
24544 2.88625e-06
24576 3.03225e-06
24608 2.47777e-06
24640 2.94011e-06
24672 2.34098e-06
24704 2.81915e-06
24736 2.84227e-06
24768 2.23997e-06
24800 2.23131e-06
24832 2.8309e-06
24864 2.67877e-06
24896 2.8694e-06
24928 2.56148e-06
24960 3.19282e-06
24992 3.09409e-06
25024 3.43219e-06
25056 2.69788e-06
25088 2.39782e-06
25120 3.15066e-06
25152 3.04411e-06
25184 2.72788e-06
25216 2.90485e-06
25248 2.58296e-06
25280 2.79836e-06
25312 3.03032e-06
25344 2.43059e-06
25376 2.9337e-06
25408 2.53549e-06
25440 2.16977e-06
25472 3.03481e-06
25504 3.17339e-06
25536 3.11106e-06
25568 2.74472e-06
25600 2.6169e-06
25664 2.71036e-06
25728 3.26839e-06
25792 2.89244e-06
25856 3.00345e-06
25920 3.1841e-06
25984 2.63533e-06
26048 2.43956e-06
26112 3.45506e-06
26176 2.72006e-06
26240 3.07229e-06
26304 2.59821e-06
26368 3.00386e-06
26432 3.56527e-06
26496 2.85034e-06
26560 3.53404e-06
26624 3.45867e-06
26688 3.69136e-06
26752 2.84421e-06
26816 3.79746e-06
26880 3.35634e-06
26944 2.87139e-06
27008 4.21626e-06
27072 3.13769e-06
27136 3.40634e-06
27200 3.68409e-06
27264 3.84002e-06
27328 2.46525e-06
27392 3.19289e-06
27456 3.68803e-06
27520 3.12241e-06
27584 3.85948e-06
27648 3.54919e-06
27712 3.70706e-06
27776 4.28322e-06
27840 8.39658e-06
27904 3.94233e-06
27968 3.93211e-06
28032 3.69935e-06
28096 4.03351e-06
28160 3.3772e-06
28224 3.84857e-06
28288 2.84765e-06
28352 3.69226e-06
28416 4.12539e-06
28480 3.65415e-06
28544 3.13483e-06
28608 3.44075e-06
28672 3.72088e-06
28736 4.17891e-06
28800 3.09106e-06
28864 4.5421e-06
28928 3.39299e-06
28992 3.81032e-06
29056 3.71329e-06
29120 4.13885e-06
29184 3.7119e-06
29248 3.71669e-06
29312 3.58559e-06
29376 3.82199e-06
29440 3.77419e-06
29504 4.34179e-06
29568 3.87836e-06
29632 3.62621e-06
29696 3.63895e-06
29760 3.52671e-06
29824 3.50462e-06
29888 4.06999e-06
29952 4.91529e-06
30016 3.72484e-06
30080 3.37966e-06
30144 4.00042e-06
30208 3.9878e-06
30272 4.48364e-06
30336 4.29967e-06
30400 3.69776e-06
30464 5.12469e-06
30528 3.9296e-06
30592 4.24663e-06
30656 4.01806e-06
30720 4.1717e-06
30784 3.89732e-06
30848 4.36184e-06
30912 4.18749e-06
30976 3.74364e-06
31040 4.41719e-06
31104 5.19296e-06
31168 4.93778e-06
31232 5.21698e-06
31296 4.29374e-06
31360 4.30064e-06
31424 5.26127e-06
31488 4.21392e-06
31552 4.04825e-06
31616 4.09481e-06
31680 5.25342e-06
31744 4.56531e-06
31808 4.43697e-06
31872 4.40508e-06
31936 4.38127e-06
32000 4.90755e-06
32064 4.7725e-06
32128 4.40834e-06
32192 4.30529e-06
32256 4.23874e-06
32320 5.01024e-06
32384 4.98501e-06
32448 5.02632e-06
32512 4.99707e-06
32576 5.14935e-06
32640 3.9341e-06
32704 4.37284e-06
32768 5.41991e-06
32832 4.83091e-06
32896 4.23247e-06
32960 5.86791e-06
33024 4.63266e-06
33088 4.55402e-06
33152 4.72537e-06
33216 5.62369e-06
33280 3.91425e-06
33344 4.38331e-06
33408 5.48774e-06
33472 4.66035e-06
33536 5.67451e-06
33600 5.16244e-06
33664 5.34559e-06
33728 4.51537e-06
33792 5.37263e-06
33856 6.06319e-06
33920 5.41032e-06
33984 5.11789e-06
34048 4.83341e-06
34112 4.69296e-06
34176 5.75569e-06
34240 1.25944e-05
34304 7.83534e-06
34368 5.65384e-06
34432 6.07498e-06
34496 6.05561e-06
34560 5.34098e-06
34624 4.88377e-06
34688 5.54674e-06
34752 6.76288e-06
34816 4.63741e-06
34880 4.72625e-06
34944 4.28334e-06
35008 4.41391e-06
35072 4.45245e-06
35136 4.18518e-06
35200 5.19916e-06
35264 3.99099e-06
35328 4.68067e-06
35392 4.74546e-06
35456 6.7346e-06
35520 4.25234e-06
35584 5.45699e-06
35648 4.65511e-06
35712 4.45363e-06
35776 5.05823e-06
35840 5.624e-06
35904 4.97245e-06
35968 5.15405e-06
36032 5.44086e-06
36096 5.39485e-06
36160 4.38253e-06
36224 4.89266e-06
36288 6.06489e-06
36352 5.10811e-06
36416 4.62679e-06
36480 4.67621e-06
36544 5.03198e-06
36608 6.29234e-06
36672 5.68999e-06
36736 5.53481e-06
36800 5.29704e-06
36864 6.70879e-06
36928 5.85114e-06
36992 4.44369e-06
37056 4.7206e-06
37120 5.38498e-06
37184 6.31718e-06
37248 5.04094e-06
37312 4.6842e-06
37376 5.19258e-06
37440 4.83096e-06
37504 4.68433e-06
37568 6.01916e-06
37632 5.38823e-06
37696 5.80442e-06
37760 4.90976e-06
37824 5.49291e-06
37888 4.27202e-06
37952 4.993e-06
38016 5.44268e-06
38080 5.7007e-06
38144 5.89236e-06
38208 5.33289e-06
38272 5.13147e-06
38336 4.21854e-06
38400 6.26325e-06
38464 1.00493e-05
38528 4.69716e-06
38592 4.47695e-06
38656 4.78471e-06
38720 5.07269e-06
38784 3.93146e-06
38848 5.40465e-06
38912 5.07236e-06
38976 4.94207e-06
39040 4.79601e-06
39104 4.4521e-06
39168 5.96129e-06
39232 3.73149e-06
39296 3.88543e-06
39360 4.54724e-06
39424 4.26659e-06
39488 4.78281e-06
39552 4.25394e-06
39616 4.20609e-06
39680 3.33349e-06
39744 4.8676e-06
39808 5.62117e-06
39872 4.01861e-06
39936 4.18884e-06
40000 4.0936e-06
40064 4.01599e-06
40128 4.61554e-06
40192 3.95845e-06
40256 5.20433e-06
40320 4.35745e-06
40384 5.15523e-06
40448 4.73749e-06
40512 4.68059e-06
40576 4.53995e-06
40640 3.98709e-06
40704 3.5738e-06
40768 3.8901e-06
40832 4.03215e-06
40896 3.46699e-06
40960 4.0532e-06
41024 4.8267e-06
41088 3.89743e-06
41152 3.84796e-06
41216 3.70142e-06
41280 3.7598e-06
41344 4.0029e-06
41408 4.14879e-06
41472 3.87909e-06
41536 3.89685e-06
41600 4.23669e-06
41664 3.97841e-06
41728 3.93413e-06
41792 4.31033e-06
41856 3.66713e-06
41920 4.20455e-06
41984 3.37846e-06
42048 3.85824e-06
42112 3.78425e-06
42176 4.19879e-06
42240 3.52031e-06
42304 3.29025e-06
42368 3.32429e-06
42432 4.01772e-06
42496 2.66889e-06
42560 3.44525e-06
42624 3.04914e-06
42688 3.31158e-06
42752 3.88994e-06
42816 4.04399e-06
42880 3.80043e-06
42944 3.57521e-06
43008 3.29434e-06
43072 3.63516e-06
43136 3.1826e-06
43200 3.99904e-06
43264 3.96856e-06
43328 3.57264e-06
43392 3.79176e-06
43456 3.44309e-06
43520 3.43624e-06
43584 3.51765e-06
43648 3.69691e-06
43712 2.8223e-06
43776 3.18981e-06
43840 4.12635e-06
43904 3.04745e-06
43968 3.14116e-06
44032 3.42073e-06
44096 2.88216e-06
44160 4.18668e-06
44224 3.46303e-06
44288 3.84491e-06
44352 2.98109e-06
44416 3.28108e-06
44480 3.41732e-06
44544 3.1921e-06
44608 2.75399e-06
44672 3.27635e-06
44736 2.99383e-06
44800 3.61471e-06
44864 3.04195e-06
44928 3.58957e-06
44992 3.1404e-06
45056 3.27103e-06
45120 3.64418e-06
45184 2.65953e-06
45248 2.59435e-06
45312 3.27309e-06
45376 2.78523e-06
45440 3.3478e-06
45504 2.7841e-06
45568 3.00031e-06
45632 2.83974e-06
45696 2.76041e-06
45760 2.55574e-06
45824 2.14079e-06
45888 3.18969e-06
45952 2.69136e-06
46016 3.51574e-06
46080 3.03124e-06
46144 2.7772e-06
46208 2.50461e-06
46272 2.17906e-06
46336 3.19981e-06
46400 2.59215e-06
46464 2.61893e-06
46528 2.67361e-06
46592 3.0396e-06
46656 2.40811e-06
46720 3.0851e-06
46784 3.1377e-06
46848 2.30465e-06
46912 3.09664e-06
46976 3.19004e-06
47040 2.94679e-06
47104 2.34435e-06
47168 2.7092e-06
47232 2.98561e-06
47296 2.4004e-06
47360 3.34615e-06
47424 3.09185e-06
47488 2.98569e-06
47552 2.1796e-06
47616 3.19166e-06
47680 2.66255e-06
47744 2.56913e-06
47808 3.09131e-06
47872 2.30037e-06
47936 2.87155e-06
48000 2.31632e-06
48064 2.46744e-06
48128 2.59825e-06
48192 2.41954e-06
48256 2.20828e-06
48320 2.48761e-06
48384 2.91771e-06
48448 2.31734e-06
48512 2.05878e-06
48576 2.40336e-06
48640 2.83334e-06
48704 2.38865e-06
48768 2.335e-06
48832 2.58684e-06
48896 2.89995e-06
48960 2.67485e-06
49024 2.28297e-06
49088 2.06542e-06
49152 2.85533e-06
49216 2.17444e-06
49280 2.39495e-06
49344 2.17306e-06
49408 2.83196e-06
49472 2.22585e-06
49536 2.1225e-06
49600 2.50641e-06
49664 1.93606e-06
49728 1.86446e-06
49792 2.31752e-06
49856 2.35375e-06
49920 2.32435e-06
49984 2.7605e-06
50048 2.62826e-06
50112 2.94189e-06
50176 2.37176e-06
50240 1.97465e-06
50304 2.88557e-06
50368 2.22249e-06
50432 2.95911e-06
50496 2.20494e-06
50560 2.10414e-06
50624 2.3486e-06
50688 2.01471e-06
50752 1.61523e-06
50816 2.27771e-06
50880 2.20642e-06
50944 2.32046e-06
51008 2.21115e-06
51072 1.79714e-06
51136 1.84998e-06
51200 2.0026e-06
51328 3.01563e-06
51456 2.21689e-06
51584 2.16551e-06
51712 2.72267e-06
51840 1.68568e-06
51968 2.11687e-06
52096 2.11748e-06
52224 1.96613e-06
52352 2.25928e-06
52480 2.44532e-06
52608 2.20252e-06
52736 3.39109e-06
52864 2.84795e-06
52992 2.69226e-06
53120 2.11401e-06
53248 2.05905e-06
53376 2.33133e-06
53504 2.46139e-06
53632 1.98428e-06
53760 1.68188e-06
53888 2.37022e-06
54016 1.43403e-06
54144 1.63723e-06
54272 1.67867e-06
54400 2.03547e-06
54528 1.88787e-06
54656 1.66807e-06
54784 2.16005e-06
54912 1.50963e-06
55040 2.11705e-06
55168 1.89072e-06
55296 1.98024e-06
55424 1.81306e-06
55552 1.71071e-06
55680 2.64082e-06
55808 1.58797e-06
55936 1.94244e-06
56064 1.66005e-06
56192 1.70022e-06
56320 1.39391e-06
56448 1.94909e-06
56576 1.74575e-06
56704 1.49453e-06
56832 1.37892e-06
56960 1.98612e-06
57088 1.45465e-06
57216 1.48635e-06
57344 1.98293e-06
57472 1.49105e-06
57600 1.75034e-06
57728 1.28698e-06
57856 1.57432e-06
57984 1.25804e-06
58112 1.7331e-06
58240 1.43571e-06
58368 1.30946e-06
58496 1.36801e-06
58624 1.51656e-06
58752 2.37138e-06
58880 1.38324e-06
59008 1.547e-06
59136 1.61063e-06
59264 1.44027e-06
59392 1.38832e-06
59520 1.49588e-06
59648 1.52827e-06
59776 1.7344e-06
59904 1.18827e-06
60032 1.51839e-06
60160 1.74093e-06
60288 1.26526e-06
60416 1.22756e-06
60544 1.58152e-06
60672 1.16617e-06
60800 1.34947e-06
60928 1.43053e-06
61056 1.43573e-06
61184 1.0604e-06
61312 1.33435e-06
61440 1.43437e-06
61568 1.41213e-06
61696 1.45772e-06
61824 1.49219e-06
61952 1.24153e-06
62080 1.49806e-06
62208 1.34353e-06
62336 1.27241e-06
62464 1.36632e-06
62592 1.43703e-06
62720 1.41867e-06
62848 1.16495e-06
62976 1.24993e-06
63104 1.17578e-06
63232 1.08521e-06
63360 1.32022e-06
63488 1.31365e-06
63616 1.12201e-06
63744 1.16371e-06
63872 1.18152e-06
64000 1.36946e-06
64128 1.28645e-06
64256 1.31145e-06
64384 1.27412e-06
64512 1.32019e-06
64640 1.44532e-06
64768 1.28287e-06
64896 1.51141e-06
65024 1.49048e-06
65152 1.04986e-06
65280 9.88597e-07
65408 1.1465e-06
65536 1.17298e-06
65664 1.10306e-06
65792 1.28676e-06
65920 1.27878e-06
66048 1.22129e-06
66176 1.26722e-06
66304 1.43192e-06
66432 1.25091e-06
66560 1.20446e-06
66688 1.30836e-06
66816 1.12428e-06
66944 1.31091e-06
67072 1.09455e-06
67200 1.31315e-06
67328 1.11836e-06
67456 1.06824e-06
67584 1.11221e-06
67712 1.2048e-06
67840 1.11875e-06
67968 1.14196e-06
68096 1.24577e-06
68224 1.16473e-06
68352 8.88807e-07
68480 1.1534e-06
68608 1.1024e-06
68736 1.13779e-06
68864 1.32734e-06
68992 1.31761e-06
69120 1.28144e-06
69248 1.0479e-06
69376 1.00289e-06
69504 1.07594e-06
69632 1.04245e-06
69760 1.02899e-06
69888 9.00721e-07
70016 1.05577e-06
70144 1.14901e-06
70272 1.10338e-06
70400 1.22451e-06
70528 1.12508e-06
70656 8.85899e-07
70784 1.07836e-06
70912 1.11697e-06
71040 1.12415e-06
71168 1.1787e-06
71296 1.01477e-06
71424 1.00375e-06
71552 1.02392e-06
71680 1.00102e-06
71808 1.14842e-06
71936 7.97509e-07
72064 8.50062e-07
72192 9.23296e-07
72320 1.38666e-06
72448 1.18072e-06
72576 8.82536e-07
72704 9.64379e-07
72832 1.19583e-06
72960 9.5904e-07
73088 1.15572e-06
73216 9.82136e-07
73344 1.05834e-06
73472 9.53251e-07
73600 1.0106e-06
73728 1.06299e-06
73856 1.30263e-06
73984 1.0131e-06
74112 1.04807e-06
74240 9.85132e-07
74368 9.79042e-07
74496 9.4724e-07
74624 9.66438e-07
74752 1.13665e-06
74880 9.46312e-07
75008 1.13211e-06
75136 8.55828e-07
75264 8.7139e-07
75392 1.04084e-06
75520 1.02406e-06
75648 9.17542e-07
75776 1.22237e-06
75904 8.75474e-07
76032 1.08384e-06
76160 1.10473e-06
76288 8.83963e-07
76416 8.25388e-07
76544 1.15629e-06
76672 1.10224e-06
76800 1.3971e-06
76928 2.1399e-06
77056 1.30197e-06
77184 1.08667e-06
77312 8.79452e-07
77440 6.74206e-07
77568 9.14395e-07
77696 8.98406e-07
77824 1.14893e-06
77952 1.37186e-06
78080 1.16777e-06
78208 9.1504e-07
78336 1.22028e-06
78464 8.55243e-07
78592 8.09237e-07
78720 9.10091e-07
78848 9.63972e-07
78976 9.91178e-07
79104 1.13199e-06
79232 9.05097e-07
79360 7.65904e-07
79488 8.89832e-07
79616 7.8093e-07
79744 7.36628e-07
79872 9.53268e-07
80000 9.01437e-07
80128 9.56406e-07
80256 8.18666e-07
80384 8.24802e-07
80512 7.27448e-07
80640 9.12177e-07
80768 7.70512e-07
80896 8.58127e-07
81024 7.99611e-07
81152 9.24091e-07
81280 9.08588e-07
81408 9.50298e-07
81536 9.68029e-07
81664 7.60775e-07
81792 8.08684e-07
81920 9.08349e-07
82048 9.58103e-07
82176 8.23193e-07
82304 8.26104e-07
82432 9.34344e-07
82560 8.55079e-07
82688 8.7859e-07
82816 8.45704e-07
82944 1.02188e-06
83072 8.56228e-07
83200 8.06667e-07
83328 9.40461e-07
83456 7.59497e-07
83584 9.4115e-07
83712 1.07403e-06
83840 9.09985e-07
83968 7.8797e-07
84096 9.11142e-07
84224 9.48628e-07
84352 9.24471e-07
84480 8.09434e-07
84608 9.01155e-07
84736 9.71998e-07
84864 8.61776e-07
84992 1.0008e-06
85120 7.99266e-07
85248 8.58032e-07
85376 9.35122e-07
85504 9.16278e-07
85632 9.36254e-07
85760 7.03876e-07
85888 9.81933e-07
86016 9.41619e-07
86144 8.38453e-07
86272 8.0975e-07
86400 8.33688e-07
86528 6.84127e-07
86656 6.95573e-07
86784 7.96441e-07
86912 8.44249e-07
87040 7.16763e-07
87168 1.07615e-06
87296 7.48673e-07
87424 9.11514e-07
87552 7.60914e-07
87680 1.28623e-06
87808 7.96574e-07
87936 9.9626e-07
88064 6.54995e-07
88192 8.84405e-07
88320 8.33166e-07
88448 8.04264e-07
88576 8.60306e-07
88704 7.27259e-07
88832 7.21284e-07
88960 7.45245e-07
89088 7.338e-07
89216 7.54327e-07
89344 7.94448e-07
89472 8.14487e-07
89600 8.23299e-07
89728 7.57206e-07
89856 8.77293e-07
89984 8.45336e-07
90112 6.95577e-07
90240 7.4649e-07
90368 6.98547e-07
90496 7.06034e-07
90624 7.21918e-07
90752 6.56748e-07
90880 7.13165e-07
91008 8.80521e-07
91136 6.69839e-07
91264 7.70584e-07
91392 9.80227e-07
91520 9.41168e-07
91648 9.4625e-07
91776 7.40244e-07
91904 6.71325e-07
92032 8.7212e-07
92160 5.37029e-07
92288 6.94922e-07
92416 8.30998e-07
92544 8.86562e-07
92672 6.49569e-07
92800 6.97708e-07
92928 8.43138e-07
93056 6.6321e-07
93184 8.61254e-07
93312 7.92828e-07
93440 6.3349e-07
93568 7.76863e-07
93696 7.76561e-07
93824 7.76999e-07
93952 7.68733e-07
94080 7.11292e-07
94208 7.60298e-07
94336 7.80596e-07
94464 6.14524e-07
94592 7.70153e-07
94720 7.09781e-07
94848 5.90023e-07
94976 4.68616e-07
95104 7.84298e-07
95232 8.30196e-07
95360 6.84323e-07
95488 8.92784e-07
95616 7.71377e-07
95744 7.63346e-07
95872 6.55096e-07
96000 7.80626e-07
96128 7.32971e-07
96256 8.26801e-07
96384 6.32355e-07
96512 6.67768e-07
96640 9.56185e-07
96768 7.27019e-07
96896 7.9819e-07
97024 9.02578e-07
97152 6.62544e-07
97280 6.72443e-07
97408 7.79857e-07
97536 5.85312e-07
97664 6.62411e-07
97792 6.64677e-07
97920 8.0179e-07
98048 7.40084e-07
98176 8.38015e-07
98304 6.79758e-07
98432 7.62163e-07
98560 5.25446e-07
98688 6.58776e-07
98816 6.08373e-07
98944 8.76267e-07
99072 5.76783e-07
99200 6.29278e-07
99328 8.39893e-07
99456 6.04306e-07
99584 7.76982e-07
99712 6.56323e-07
99840 8.28471e-07
99968 7.24478e-07
100096 7.25861e-07
100224 7.4966e-07
100352 6.13675e-07
100480 7.20851e-07
100608 5.86433e-07
100736 7.1156e-07
100864 6.29612e-07
100992 8.55474e-07
101120 6.43968e-07
101248 7.28582e-07
101376 6.40477e-07
101504 7.12946e-07
101632 8.04155e-07
101760 6.47399e-07
101888 5.10322e-07
102016 7.45714e-07
102144 7.50349e-07
102272 6.65781e-07
102400 7.76561e-07
