0 7.17927e-05
0.5 2.2657e-07
1 1.15068e-07
1.5 1.16489e-07
2 8.15875e-08
2.5 4.78673e-08
3 5.84074e-08
3.5 5.77323e-08
4 1.09114e-07
4.5 3.87048e-08
5 6.91727e-08
5.5 5.60307e-08
6 3.71661e-08
6.5 4.39082e-08
7 4.7424e-08
7.5 4.38256e-08
8 7.21594e-08
8.5 3.57577e-08
9 3.86456e-08
9.5 4.80107e-08
10 4.04759e-08
10.5 3.61691e-08
11 3.45758e-08
11.5 5.5216e-08
12 6.81582e-08
12.5 4.92077e-08
13 4.08689e-08
13.5 4.53917e-08
14 5.66296e-08
14.5 4.38798e-08
15 2.76285e-08
15.5 2.77753e-08
16 7.50823e-08
16.5 4.7829e-08
17 3.29246e-08
17.5 2.7423e-08
18 5.31555e-08
18.5 5.59939e-08
19 4.02516e-08
19.5 5.65749e-08
20 5.73824e-08
20.5 4.52572e-08
21 3.57e-08
21.5 4.65555e-08
22 3.02876e-08
22.5 6.75516e-08
23 3.69333e-08
23.5 5.03819e-08
24 3.88156e-08
24.5 3.19181e-08
25 4.6828e-08
25.5 2.81909e-08
26 3.66539e-08
26.5 3.70025e-08
27 5.38514e-08
27.5 6.08117e-08
28 7.44842e-08
28.5 2.97208e-08
29 4.29492e-08
29.5 3.42899e-08
30 3.51305e-08
30.5 3.33511e-08
31 2.64495e-08
31.5 6.97101e-08
32 4.24834e-08
32.5 2.56482e-08
33 3.48085e-08
33.5 3.5251e-08
34 3.28494e-08
34.5 2.7257e-08
35 3.90887e-08
35.5 5.25136e-08
36 4.9999e-08
36.5 3.511e-08
37 5.79215e-08
37.5 4.01255e-08
38 4.7058e-08
38.5 2.13248e-08
39 4.07924e-08
39.5 5.62597e-08
40 4.05752e-08
40.5 3.70247e-08
41 1.80113e-08
41.5 3.84107e-08
42 3.17143e-08
42.5 4.09616e-08
43 2.98218e-08
43.5 5.82348e-08
44 2.2448e-08
44.5 3.99985e-08
45 5.4088e-08
45.5 4.88532e-08
46 4.38997e-08
46.5 3.7513e-08
47 3.07378e-08
47.5 5.81725e-08
48 3.88176e-08
48.5 3.19506e-08
49 2.81952e-08
49.5 2.72078e-08
50 4.2437e-08
50.5 2.72204e-08
51 3.2154e-08
51.5 5.33373e-08
52 4.80002e-08
52.5 4.84517e-08
53 3.50214e-08
53.5 3.18117e-08
54 3.8236e-08
54.5 3.59168e-08
55 4.77673e-08
55.5 4.71321e-08
56 2.87498e-08
56.5 4.01229e-08
57 2.90464e-08
57.5 4.14939e-08
58 3.94141e-08
58.5 4.08254e-08
59 2.88354e-08
59.5 6.76041e-08
60 3.46109e-06
60.5 5.92261e-08
61 4.30666e-08
61.5 3.63057e-08
62 3.92026e-08
62.5 4.18757e-08
63 4.67389e-08
63.5 5.23286e-08
64 3.39763e-08
64.5 2.65157e-08
65 3.46347e-08
65.5 3.62555e-08
66 2.94654e-08
66.5 3.22035e-08
67 5.07466e-08
67.5 6.73977e-08
68 2.88921e-08
68.5 2.83506e-08
69 2.96713e-08
69.5 4.00275e-08
70 3.02058e-08
70.5 2.31456e-08
71 6.15232e-08
71.5 3.15302e-08
72 3.23258e-08
72.5 3.29836e-08
73 2.48458e-08
73.5 3.64101e-08
74 2.37373e-08
74.5 3.73449e-08
75 7.32703e-08
75.5 4.94231e-08
76 3.52312e-07
76.5 1.03494e-07
77 3.67558e-08
77.5 3.39336e-08
78 5.90629e-08
78.5 3.42316e-08
79 5.2692e-08
79.5 4.03369e-08
80 3.82689e-08
80.5 3.56112e-08
81 2.90325e-08
81.5 3.40497e-08
82 2.63564e-08
82.5 2.82112e-08
83 4.57811e-08
83.5 6.18559e-08
84 3.79141e-08
84.5 3.3338e-08
85 2.25023e-08
85.5 2.33736e-08
86 3.84137e-08
86.5 3.44142e-08
87 6.16095e-08
87.5 5.92783e-08
88 3.35935e-08
88.5 2.77057e-08
89 2.49794e-08
89.5 3.4406e-08
90 4.15793e-08
90.5 4.25346e-08
91 5.82382e-08
91.5 2.50944e-08
92 3.74472e-08
92.5 3.70817e-08
93 2.64162e-08
93.5 2.34287e-08
94 3.47867e-08
94.5 4.17902e-08
95 5.40787e-08
95.5 3.87495e-08
96 3.25181e-08
96.5 3.18412e-08
97 2.20425e-08
97.5 2.62453e-08
98 2.79516e-08
98.5 3.03667e-08
99 5.36738e-08
99.5 3.54819e-08
100 3.6883e-08
100.5 2.83495e-08
101 2.41187e-08
101.5 2.57189e-08
102 2.97814e-08
102.5 5.2869e-08
103 4.5839e-08
103.5 2.7369e-08
104 2.69785e-08
104.5 3.181e-08
105 3.66366e-08
105.5 3.70705e-08
106 3.39888e-08
106.5 5.87519e-08
107 4.48795e-08
107.5 4.20703e-08
108 4.11762e-08
108.5 4.11918e-08
109 4.17428e-08
109.5 2.98433e-08
110 4.2082e-08
110.5 3.81278e-08
111 4.30062e-08
111.5 3.843e-08
112 6.13831e-08
112.5 4.21208e-08
113 3.78487e-08
113.5 3.78712e-08
114 2.848e-08
114.5 5.15014e-08
115 3.66697e-08
115.5 3.4654e-08
116 2.49773e-08
116.5 3.52156e-08
117 3.13804e-08
117.5 2.79904e-08
118 3.84044e-08
118.5 3.77224e-08
119 2.1586e-08
119.5 6.01503e-08
120 8.16595e-07
120.5 3.76495e-08
121 3.79906e-08
121.5 2.93005e-08
122 2.14098e-08
122.5 5.02172e-08
123 3.35184e-08
123.5 4.68223e-08
124 3.30964e-08
124.5 3.25129e-08
125 4.23537e-08
125.5 3.58362e-08
126 4.24599e-08
126.5 4.67772e-08
127 3.71757e-08
127.5 2.9673e-08
128 3.37608e-08
128.5 2.63611e-08
129 4.34633e-08
129.5 3.59943e-08
130 3.73726e-08
130.5 6.09629e-08
131 3.37853e-08
131.5 4.53114e-08
132 3.96441e-08
132.5 2.35916e-08
133 3.89599e-08
133.5 2.32352e-08
134 4.33997e-08
134.5 4.63694e-08
135 3.95595e-08
135.5 3.56684e-08
136 3.68308e-08
136.5 3.13822e-08
137 4.67603e-08
137.5 3.95305e-08
138 4.00568e-08
138.5 5.50685e-08
139 2.31597e-08
139.5 3.6364e-08
140 3.61827e-08
140.5 2.10974e-08
141 2.63146e-08
141.5 3.23374e-08
142 4.82455e-08
142.5 3.89558e-08
143 4.31375e-08
143.5 2.43969e-08
144 4.14548e-08
144.5 3.20379e-08
145 2.59368e-08
145.5 3.43706e-08
146 3.43319e-08
146.5 3.81512e-08
147 4.36097e-08
147.5 5.74553e-08
148 2.98836e-08
148.5 4.88642e-08
149 3.29104e-08
149.5 3.88783e-08
150 5.19015e-08
150.5 5.91259e-08
151 7.03513e-08
151.5 1.12761e-07
152 4.47037e-07
152.5 2.66807e-07
153 7.5651e-08
153.5 4.53304e-08
154 5.06939e-08
154.5 4.40567e-08
155 3.48244e-08
155.5 2.86621e-08
156 5.28705e-08
156.5 3.65164e-08
157 3.05392e-08
157.5 4.1777e-08
158 5.33673e-08
158.5 3.9629e-08
159 2.9958e-08
159.5 2.93316e-08
160 4.19562e-08
160.5 2.44997e-08
161 2.85244e-08
161.5 3.96932e-08
162 5.61833e-08
162.5 3.56387e-08
163 2.7541e-08
163.5 2.32249e-08
164 2.97078e-08
164.5 1.94201e-08
165 2.65066e-08
165.5 4.38852e-08
166 4.87728e-08
166.5 8.70574e-08
167 1.0116e-07
167.5 7.89929e-08
168 2.86436e-08
168.5 3.18355e-08
169 3.40538e-08
169.5 4.31857e-08
170 3.99752e-08
170.5 5.97659e-08
171 4.11224e-08
171.5 3.28882e-08
172 3.87234e-08
172.5 3.31958e-08
173 3.61487e-08
173.5 6.37404e-08
174 5.29569e-08
174.5 4.98939e-08
175 4.52524e-08
175.5 6.81713e-08
176 4.43674e-08
176.5 5.97798e-08
177 8.4921e-08
177.5 8.46257e-08
178 1.18177e-07
178.5 1.03935e-07
179 1.6559e-07
179.5 3.41139e-07
180 1.06287e-05
180.5 3.54115e-07
181 1.78134e-07
181.5 1.35088e-07
182 1.08415e-07
182.5 6.95326e-08
183 7.05466e-08
183.5 5.00535e-08
184 5.80013e-08
184.5 4.48598e-08
185 5.44687e-08
185.5 5.42832e-08
186 6.27716e-08
186.5 3.10346e-08
187 3.68838e-08
187.5 5.26297e-08
188 5.22799e-08
188.5 5.50908e-08
189 4.31345e-08
189.5 4.21141e-08
190 5.27306e-08
190.5 1.97894e-08
191 2.27785e-08
191.5 4.42649e-08
192 3.81955e-08
192.5 2.94195e-08
193 3.54985e-08
193.5 3.95623e-08
194 4.16081e-08
194.5 2.8238e-08
195 3.2775e-08
195.5 2.97599e-08
196 4.73938e-08
196.5 4.09631e-08
197 3.46059e-08
197.5 3.66397e-08
198 3.64621e-08
198.5 3.68888e-08
199 3.56891e-08
199.5 2.14395e-08
200 3.73767e-08
200.5 4.34237e-08
201 3.60255e-08
201.5 2.90815e-08
202 2.26261e-08
202.5 3.7388e-08
203 4.61468e-08
203.5 6.11789e-08
204 2.81228e-08
204.5 2.48087e-08
205 4.79577e-08
205.5 3.15841e-08
206 3.99255e-08
206.5 5.18677e-08
207 2.84125e-08
207.5 2.94025e-08
208 4.1838e-08
208.5 3.69617e-08
209 3.18759e-08
209.5 3.54886e-08
210 3.86505e-08
210.5 3.06237e-08
211 3.79043e-08
211.5 3.63843e-08
212 4.09887e-08
212.5 4.12006e-08
213 3.42199e-08
213.5 3.86643e-08
214 3.18645e-08
214.5 3.86664e-08
215 3.87441e-08
215.5 3.45685e-08
216 3.29976e-08
216.5 4.06598e-08
217 3.79176e-08
217.5 3.24906e-08
218 3.43825e-08
218.5 5.48319e-08
219 4.10253e-08
219.5 4.05875e-08
220 2.93599e-08
220.5 5.6481e-08
221 4.20501e-08
221.5 5.22439e-08
222 2.80639e-08
222.5 3.11496e-08
223 3.29558e-08
223.5 2.80571e-08
224 3.32292e-08
224.5 3.69653e-08
225 3.20373e-08
225.5 3.43459e-08
226 3.54079e-08
226.5 4.37351e-08
227 3.70687e-08
227.5 3.43074e-08
228 8.95814e-08
228.5 4.82889e-08
229 4.09447e-08
229.5 4.29689e-08
230 4.06845e-08
230.5 3.71474e-08
231 3.30817e-08
231.5 2.64435e-08
232 4.16572e-08
232.5 3.78766e-08
233 3.61271e-08
233.5 2.89665e-08
234 3.33391e-08
234.5 3.35272e-08
235 2.58865e-08
235.5 2.42068e-08
236 3.47662e-08
236.5 3.54501e-08
237 2.76947e-08
237.5 2.60931e-08
238 3.86592e-08
238.5 2.87095e-08
239 3.34324e-08
239.5 7.70298e-08
240 9.98159e-07
240.5 5.25249e-08
241 3.42599e-08
241.5 5.43146e-08
242 3.79275e-08
242.5 3.02492e-08
243 3.92515e-08
243.5 3.09638e-08
244 4.28453e-08
244.5 3.78503e-08
245 3.82883e-08
245.5 2.99854e-08
246 4.19683e-08
246.5 3.14897e-08
247 2.98046e-08
247.5 2.94565e-08
248 4.5088e-08
248.5 3.65741e-08
249 3.33235e-08
249.5 3.32487e-08
250 4.41689e-08
250.5 4.45938e-08
251 3.37759e-08
251.5 3.41233e-08
252 2.63027e-08
252.5 4.12228e-08
253 3.05815e-08
253.5 3.43891e-08
254 3.57287e-08
254.5 4.45612e-08
255 4.11934e-08
255.5 4.01123e-08
256 3.78354e-08
256.5 4.75024e-08
257 2.40986e-08
257.5 4.26926e-08
258 4.56552e-08
258.5 3.5838e-08
259 4.13143e-08
259.5 2.87761e-08
260 4.61138e-08
260.5 3.31868e-08
261 3.51779e-08
261.5 3.12762e-08
262 2.89839e-08
262.5 3.76359e-08
263 2.91861e-08
263.5 2.66408e-08
264 3.26376e-08
264.5 3.83188e-08
265 4.94245e-08
265.5 2.94451e-08
266 3.58987e-08
266.5 3.4008e-08
267 3.53538e-08
267.5 2.84633e-08
268 4.15625e-08
268.5 2.08971e-08
269 3.94781e-08
269.5 4.93916e-08
270 5.34112e-08
270.5 4.03245e-08
271 2.82821e-08
271.5 3.06843e-08
272 3.07502e-08
272.5 3.23272e-08
273 4.20317e-08
273.5 3.04175e-08
274 3.09764e-08
274.5 3.55076e-08
275 3.61443e-08
275.5 3.75035e-08
276 4.26595e-08
276.5 3.64129e-08
277 3.72426e-08
277.5 3.7186e-08
278 3.46215e-08
278.5 3.77097e-08
279 4.82747e-08
279.5 3.79971e-08
280 4.42059e-08
280.5 2.82642e-08
281 2.33785e-08
281.5 3.43602e-08
282 2.81412e-08
282.5 1.70509e-08
283 2.20467e-08
283.5 3.28482e-08
284 3.22084e-08
284.5 3.40732e-08
285 3.48148e-08
285.5 3.22845e-08
286 5.78354e-08
286.5 3.50287e-08
287 3.46368e-08
287.5 3.48486e-08
288 3.26936e-08
288.5 3.47649e-08
289 3.15372e-08
289.5 3.84494e-08
290 2.60866e-08
290.5 4.46363e-08
291 3.14745e-08
291.5 4.0401e-08
292 2.56657e-08
292.5 3.9118e-08
293 4.5144e-08
293.5 2.09985e-08
294 3.6498e-08
294.5 4.89507e-08
295 5.51098e-08
295.5 3.7585e-08
296 5.02961e-08
296.5 5.24327e-08
297 5.46196e-08
297.5 5.33052e-08
298 4.53541e-08
298.5 9.31975e-08
299 1.2713e-07
299.5 2.02959e-07
300 4.40969e-06
300.5 2.37229e-07
301 1.24193e-07
301.5 9.71753e-08
302 8.95047e-08
302.5 6.38007e-08
303 5.04236e-08
303.5 4.93593e-08
304 5.83365e-08
304.5 2.07459e-08
305 5.36922e-08
305.5 5.05317e-08
306 3.83563e-08
306.5 3.73515e-08
307 2.75418e-08
307.5 4.50331e-08
308 3.05073e-08
308.5 3.29056e-08
309 3.63468e-08
309.5 3.12247e-08
310 3.81054e-08
310.5 3.06252e-08
311 2.73905e-08
311.5 4.06936e-08
312 4.41534e-08
312.5 3.28045e-08
313 4.14507e-08
313.5 2.33919e-08
314 3.53923e-08
314.5 4.46333e-08
315 3.6499e-08
315.5 3.05531e-08
316 3.24595e-08
316.5 5.12976e-08
317 3.49386e-08
317.5 4.35107e-08
318 4.70565e-08
318.5 5.70788e-08
319 4.6734e-08
319.5 4.3659e-08
320 3.68398e-08
320.5 5.57769e-08
321 4.96044e-08
321.5 3.19491e-08
322 3.77451e-08
322.5 3.8863e-08
323 6.17495e-08
323.5 6.20431e-08
324 3.70381e-08
324.5 4.37659e-08
325 5.14297e-08
325.5 4.89961e-08
326 5.42122e-08
326.5 5.72602e-08
327 6.10537e-08
327.5 6.51655e-08
328 6.69107e-08
328.5 5.96925e-08
329 7.15965e-08
329.5 1.02545e-07
330 9.90757e-08
330.5 1.04489e-07
331 1.21744e-07
331.5 1.63808e-07
332 3.29362e-07
332.5 6.12834e-07
333 9.69194e-07
333.5 9.71836e-07
334 1.39591e-06
334.5 1.62258e-06
335 6.21567e-07
335.5 2.28445e-07
336 1.15915e-07
336.5 1.2249e-07
337 1.02689e-07
337.5 7.68242e-08
338 9.90399e-08
338.5 8.13449e-08
339 6.63393e-08
339.5 6.12755e-08
340 7.18992e-08
340.5 5.60642e-08
341 4.24801e-08
341.5 7.91211e-08
342 5.31009e-08
342.5 6.1923e-08
343 4.34951e-08
343.5 4.52611e-08
344 3.7615e-08
344.5 3.4953e-08
345 5.20227e-08
345.5 4.57805e-08
346 4.88959e-08
346.5 3.62713e-08
347 2.44595e-08
347.5 4.11263e-08
348 5.55925e-08
348.5 4.52325e-08
349 2.75128e-08
349.5 2.62474e-08
350 4.28969e-08
350.5 4.93906e-08
351 4.2803e-08
351.5 2.24581e-08
352 3.33003e-08
352.5 3.83317e-08
353 3.67384e-08
353.5 2.23335e-08
354 3.48745e-08
354.5 4.98449e-08
355 5.00804e-08
355.5 2.82738e-08
356 4.00403e-08
356.5 4.82531e-08
357 2.35691e-08
357.5 4.55203e-08
358 3.37358e-08
358.5 4.95945e-08
359 3.83775e-08
359.5 5.19012e-08
360 5.66289e-07
360.5 4.37008e-08
361 4.47353e-08
361.5 3.34411e-08
362 4.67516e-08
362.5 3.93373e-08
363 3.7332e-08
363.5 2.68559e-08
364 3.29954e-08
364.5 2.63153e-08
365 3.92703e-08
365.5 2.75111e-08
366 2.92438e-08
366.5 6.51282e-08
367 3.26163e-08
367.5 3.97705e-08
368 4.66139e-08
368.5 3.02297e-08
369 5.20688e-08
369.5 3.03329e-08
370 2.69207e-08
370.5 2.78634e-08
371 3.37643e-08
371.5 3.89245e-08
372 4.11782e-08
372.5 3.69035e-08
373 3.12353e-08
373.5 2.81331e-08
374 4.02768e-08
374.5 3.88589e-08
375 4.28283e-08
375.5 4.62845e-08
376 3.58797e-08
376.5 5.03241e-08
377 2.69886e-08
377.5 4.15265e-08
378 4.99161e-08
378.5 5.86233e-08
379 4.31692e-08
379.5 5.98027e-08
380 1.27642e-07
380.5 1.19314e-07
381 1.01746e-07
381.5 5.45475e-08
382 4.46405e-08
382.5 2.71041e-08
383 3.70825e-08
383.5 3.65037e-08
384 4.76671e-08
384.5 4.49095e-08
385 4.71449e-08
385.5 5.22328e-08
386 3.27846e-08
386.5 4.61007e-08
387 4.0831e-08
387.5 3.03592e-08
388 3.39857e-08
388.5 4.56546e-08
389 2.80338e-08
389.5 2.64431e-08
390 4.19104e-08
390.5 3.06539e-08
391 4.3385e-08
391.5 2.70009e-08
392 2.27942e-08
392.5 4.99892e-08
393 3.72924e-08
393.5 3.82516e-08
394 3.23585e-08
394.5 3.79538e-08
395 3.63333e-08
395.5 3.9965e-08
396 2.13941e-08
396.5 2.45737e-08
397 2.88715e-08
397.5 4.05581e-08
398 4.52966e-08
398.5 4.30939e-08
399 3.65806e-08
399.5 2.78365e-08
400 3.46146e-08
402 4.02802e-08
404 4.37788e-08
406 1.02219e-07
408 5.01573e-08
410 4.09498e-08
412 5.20003e-08
414 5.07084e-08
416 7.71595e-08
418 2.03181e-07
420 2.55015e-07
422 6.17551e-08
424 4.63546e-08
426 4.38939e-08
428 4.01676e-08
430 4.05365e-08
432 3.68128e-08
434 3.32663e-08
436 2.70804e-08
438 4.77798e-08
440 4.25894e-08
442 2.9294e-08
444 3.33248e-08
446 4.19215e-08
448 3.42634e-08
450 3.4996e-08
452 2.92003e-08
454 2.83751e-08
456 1.2955e-07
458 4.87941e-08
460 2.9644e-08
462 3.81191e-08
464 4.22388e-08
466 3.5027e-08
468 4.20408e-08
470 3.84625e-08
472 3.30239e-08
474 3.90723e-08
476 4.44e-08
478 2.384e-08
480 3.30285e-07
482 5.48774e-08
484 3.36166e-08
486 4.83131e-08
488 3.22758e-08
490 4.43512e-08
492 4.12763e-08
494 4.31537e-08
496 3.42091e-08
498 5.29639e-08
500 6.66654e-08
502 5.38362e-08
504 4.06559e-08
506 4.35578e-08
508 2.73456e-08
510 4.08228e-08
512 5.5704e-08
514 3.14986e-08
516 6.10225e-08
518 4.58687e-08
520 3.82243e-08
522 4.58764e-08
524 3.11875e-08
526 6.40392e-08
528 4.87325e-08
530 2.78539e-08
532 6.24217e-08
534 5.09183e-08
536 6.82378e-08
538 1.25397e-07
540 1.13878e-06
542 8.77527e-08
544 6.01674e-08
546 4.89367e-08
548 3.37626e-08
550 3.77089e-08
552 3.70879e-08
554 3.0607e-08
556 2.21814e-08
558 3.37066e-08
560 3.26362e-08
562 4.01513e-08
564 4.30177e-08
566 3.16459e-08
568 3.99126e-08
570 3.69728e-08
572 3.40364e-08
574 4.28683e-08
576 4.39089e-08
578 4.16148e-08
580 3.89758e-08
582 4.73525e-08
584 5.09326e-08
586 4.33752e-08
588 3.99124e-08
590 2.70036e-08
592 4.08613e-08
594 4.54982e-08
596 4.01408e-08
598 3.48825e-08
600 2.43284e-07
602 3.32569e-08
604 5.05477e-08
606 5.01952e-08
608 3.73623e-08
610 4.40826e-08
612 3.79368e-08
614 3.96856e-08
616 2.87547e-08
618 4.96891e-08
620 3.90899e-08
622 4.64353e-08
624 2.74005e-08
626 5.21652e-08
628 5.33341e-08
630 2.08145e-08
632 2.47844e-08
634 2.43668e-08
636 4.00069e-08
638 4.02965e-08
640 4.97235e-08
642 4.47658e-08
644 4.31885e-08
646 3.64869e-08
648 4.71195e-08
650 3.24863e-08
652 4.45786e-08
654 4.90664e-08
656 4.0668e-08
658 3.89806e-08
660 3.06117e-07
662 8.6448e-08
664 1.09781e-07
666 5.03117e-07
668 6.87485e-07
670 7.873e-08
672 7.32563e-08
674 3.79561e-08
676 4.74032e-08
678 3.5555e-08
680 4.61709e-08
682 4.24737e-08
684 1.04139e-07
686 5.15752e-08
688 4.2725e-08
690 3.96727e-08
692 2.81569e-08
694 3.44839e-08
696 2.80376e-08
698 4.35303e-08
700 4.54889e-08
702 4.63677e-08
704 3.72128e-08
706 4.81527e-08
708 2.88193e-08
710 3.11114e-08
712 3.05722e-08
714 3.77088e-08
716 3.37891e-08
718 5.43901e-08
720 2.45218e-07
722 4.56682e-08
724 3.04862e-08
726 3.9033e-08
728 4.38671e-08
730 3.25186e-08
732 4.02185e-08
734 3.98691e-08
736 4.36217e-08
738 3.31478e-08
740 4.37201e-08
742 2.79391e-08
744 3.03613e-08
746 4.83185e-08
748 3.78729e-08
750 4.525e-08
752 4.9166e-08
754 3.8424e-08
756 4.17622e-08
758 3.92669e-08
760 1.00876e-07
762 5.53457e-08
764 4.18576e-08
766 2.31529e-08
768 2.57313e-08
770 3.60103e-08
772 4.50023e-08
774 4.60124e-08
776 6.33626e-08
778 7.72352e-08
780 4.87894e-07
782 4.85878e-08
784 4.15037e-08
786 3.56736e-08
788 2.44912e-08
790 3.62128e-08
792 3.053e-08
794 3.44714e-08
796 3.99222e-08
798 3.45436e-08
800 2.96047e-08
802 3.47062e-08
804 3.37914e-08
806 3.34916e-08
808 4.01023e-08
810 3.43257e-08
812 4.41628e-08
814 6.27016e-08
816 3.97287e-08
818 2.88029e-08
820 3.97335e-08
822 3.84473e-08
824 3.83987e-08
826 4.12054e-08
828 2.86129e-08
830 5.92465e-08
832 6.0685e-08
834 6.231e-08
836 1.35909e-07
838 1.29589e-07
840 2.71606e-07
842 3.57424e-08
844 5.64531e-08
846 4.17636e-08
848 4.21745e-08
850 3.55547e-08
852 5.32216e-08
854 3.87729e-08
856 4.78634e-08
858 3.24561e-08
860 3.72343e-08
862 6.50175e-08
864 4.82705e-08
866 3.25488e-08
868 3.90581e-08
870 4.30238e-08
872 2.79763e-08
874 4.24446e-08
876 4.502e-08
878 3.23678e-08
880 3.60782e-08
882 3.50252e-08
884 4.1127e-08
886 3.77917e-08
888 4.984e-08
890 3.51564e-08
892 3.90921e-08
894 3.41144e-08
896 5.96722e-08
898 7.32746e-08
900 4.46466e-07
902 6.74853e-08
904 3.3324e-08
906 4.25362e-08
908 4.81441e-08
910 4.314e-08
912 3.55646e-08
914 4.45873e-08
916 4.311e-08
918 3.79098e-08
920 4.44857e-08
922 2.72518e-08
924 3.29756e-08
926 3.89923e-08
928 3.37124e-08
930 3.08035e-08
932 4.12978e-08
934 2.41446e-08
936 2.36925e-08
938 2.93047e-08
940 3.32393e-08
942 5.91974e-08
944 3.41641e-08
946 4.03003e-08
948 2.81706e-08
950 3.27374e-08
952 3.06027e-08
954 2.91833e-08
956 3.63204e-08
958 4.51427e-08
960 1.43783e-07
962 2.94798e-08
964 3.93279e-08
966 2.4688e-08
968 4.60156e-08
970 4.49698e-08
972 2.86171e-08
974 3.88979e-08
976 4.07251e-08
978 3.1755e-08
980 3.05639e-08
982 2.23402e-08
984 3.81497e-08
986 4.04438e-08
988 8.45339e-08
990 4.72976e-08
992 5.24327e-08
994 3.36731e-08
996 5.29874e-08
998 1.23567e-07
1000 3.39473e-07
1002 4.77846e-07
1004 7.89548e-08
1006 6.30232e-08
1008 5.65061e-08
1010 3.1122e-08
1012 4.78382e-08
1014 4.74909e-08
1016 6.60481e-08
1018 6.76247e-08
1020 2.93034e-07
1022 6.22779e-08
1024 4.11137e-08
1026 3.14749e-08
1028 3.33134e-08
1030 3.86374e-08
1032 2.87517e-08
1034 3.29821e-08
1036 3.90635e-08
1038 4.19145e-08
1040 4.19049e-08
1042 4.46293e-08
1044 3.13377e-08
1046 2.94112e-08
1048 3.10863e-08
1050 3.27926e-08
1052 3.84692e-08
1054 3.27554e-08
1056 3.11213e-08
1058 3.6698e-08
1060 3.16958e-08
1062 3.3315e-08
1064 8.53308e-08
1066 4.56607e-08
1068 3.1819e-08
1070 2.30047e-08
1072 3.84363e-08
1074 3.14697e-08
1076 3.06054e-08
1078 5.06285e-08
1080 1.67783e-07
1082 5.39954e-08
1084 3.47786e-08
1086 4.16245e-08
1088 3.07233e-08
1090 3.15294e-08
1092 4.16069e-08
1094 2.92432e-08
1096 4.01103e-08
1098 3.87575e-08
1100 4.57944e-08
1102 4.14923e-08
1104 4.4917e-08
1106 3.41602e-08
1108 3.64853e-08
1110 3.56703e-08
1112 2.71504e-08
1114 3.27772e-08
1116 3.34628e-08
1118 5.87657e-08
1120 3.124e-08
1122 3.6574e-08
1124 3.98839e-08
1126 3.71172e-08
1128 3.18991e-08
1130 2.30226e-08
1132 4.18841e-08
1134 4.7063e-08
1136 5.67639e-08
1138 4.80722e-08
1140 2.5966e-07
1142 4.96221e-08
1144 3.1283e-08
1146 4.35038e-08
1148 4.54329e-08
1150 2.56603e-08
1152 3.26285e-08
1154 3.50248e-08
1156 3.01153e-08
1158 3.89661e-08
1160 4.81096e-08
1162 2.32143e-08
1164 3.73919e-08
1166 5.39175e-08
1168 4.79614e-08
1170 4.70965e-08
1172 3.34373e-08
1174 3.44921e-08
1176 3.24799e-08
1178 2.27985e-08
1180 3.31239e-08
1182 2.91179e-08
1184 2.85802e-08
1186 2.91625e-08
1188 4.21395e-08
1190 2.50104e-08
1192 3.15687e-08
1194 2.78914e-08
1196 2.97128e-08
1198 3.18989e-08
1200 1.02192e-07
1202 4.0055e-08
1204 2.18757e-08
1206 2.80861e-08
1208 3.12926e-08
1210 3.20755e-08
1212 3.34404e-08
1214 2.95049e-08
1216 3.10968e-08
1218 2.04361e-08
1220 2.6862e-08
1222 3.73861e-08
1224 2.32082e-08
1226 3.15167e-08
1228 3.93395e-08
1230 4.16253e-08
1232 3.71282e-08
1234 2.48076e-08
1236 4.36578e-08
1238 2.13427e-08
1240 1.87205e-08
1242 3.78088e-08
1244 3.53755e-08
1246 3.54732e-08
1248 2.67729e-08
1250 5.90275e-08
1252 7.32117e-08
1254 1.32482e-07
1256 1.6431e-07
1258 8.18724e-08
1260 2.04238e-07
1262 6.14273e-08
1264 4.1561e-08
1266 4.47666e-08
1268 2.22966e-08
1270 3.09018e-08
1272 4.1647e-08
1274 3.69219e-08
1276 4.01041e-08
1278 3.39256e-08
1280 3.9997e-08
1282 4.12864e-08
1284 3.54388e-08
1286 3.86174e-08
1288 3.13241e-08
1290 3.52648e-08
1292 7.49505e-08
1294 4.72074e-08
1296 3.93785e-08
1298 3.42502e-08
1300 3.90485e-08
1302 4.01986e-08
1304 3.52231e-08
1306 3.80934e-08
1308 3.05827e-08
1310 4.41508e-08
1312 3.93492e-08
1314 3.91192e-08
1316 3.87709e-08
1318 5.2313e-08
1320 1.12617e-07
1322 3.47412e-08
1324 3.33667e-08
1326 3.90037e-08
1328 3.26608e-08
1330 5.72457e-08
1332 1.88217e-07
1334 1.63117e-07
1336 3.3033e-07
1338 6.82161e-08
1340 4.95572e-08
1342 2.90424e-08
1344 4.96726e-08
1346 4.25574e-08
1348 3.53726e-08
1350 2.75156e-08
1352 2.25445e-08
1354 3.68019e-08
1356 3.73639e-08
1358 3.95876e-08
1360 3.17207e-08
1362 2.72433e-08
1364 3.27538e-08
1366 4.59244e-08
1368 6.7662e-08
1370 4.62586e-08
1372 3.88106e-08
1374 3.872e-08
1376 5.00362e-08
1378 7.33376e-08
1380 2.24256e-07
1382 3.85051e-08
1384 3.74149e-08
1386 3.17703e-08
1388 2.44706e-08
1390 3.13926e-08
1392 3.27349e-08
1394 3.82045e-08
1396 3.42115e-08
1398 4.86907e-08
1400 3.52176e-08
1402 4.17335e-08
1404 2.87119e-08
1406 2.81083e-08
1408 2.88713e-08
1410 3.71224e-08
1412 3.9148e-08
1414 2.95569e-08
1416 3.60385e-08
1418 3.07921e-08
1420 3.71711e-08
1422 4.12115e-08
1424 2.96452e-08
1426 2.94482e-08
1428 2.87742e-08
1430 3.166e-08
1432 3.08846e-08
1434 4.25916e-08
1436 3.06411e-08
1438 3.22284e-08
1440 7.63725e-08
1442 4.05304e-08
1444 4.7081e-08
1446 3.77766e-08
1448 2.7049e-08
1450 3.97897e-08
1452 3.91954e-08
1454 2.88886e-08
1456 1.88304e-08
1458 2.5218e-08
1460 3.30271e-08
1462 2.70062e-08
1464 2.85862e-08
1466 3.78014e-08
1468 2.87418e-08
1470 3.50801e-08
1472 3.49114e-08
1474 3.49399e-08
1476 2.06555e-08
1478 4.3665e-08
1480 3.74358e-08
1482 3.09965e-08
1484 2.779e-08
1486 3.97559e-08
1488 4.28909e-08
1490 2.53839e-08
1492 3.50206e-08
1494 4.10427e-08
1496 3.50489e-08
1498 4.1117e-08
1500 1.5238e-07
1502 6.75991e-08
1504 4.57677e-08
1506 3.35074e-08
1508 4.35072e-08
1510 2.78416e-08
1512 3.07423e-08
1514 4.15791e-08
1516 5.18598e-08
1518 4.44078e-08
1520 5.1764e-08
1522 4.46218e-08
1524 3.88154e-08
1526 3.28661e-08
1528 3.14733e-08
1530 4.13636e-08
1532 2.28299e-08
1534 4.55708e-08
1536 3.21524e-08
1538 3.06274e-08
1540 3.64856e-08
1542 3.32984e-08
1544 3.87968e-08
1546 3.63757e-08
1548 3.53053e-08
1550 3.77193e-08
1552 4.61722e-08
1554 4.3399e-08
1556 4.48498e-08
1558 4.42472e-08
1560 7.95827e-08
1562 3.52128e-08
1564 3.03692e-08
1566 2.82089e-08
1568 3.53741e-08
1570 2.42747e-08
1572 2.20473e-08
1574 3.06236e-08
1576 2.69095e-08
1578 3.41748e-08
1580 3.50695e-08
1582 4.47138e-08
1584 3.09982e-08
1586 3.36124e-08
1588 3.38883e-08
1590 3.14962e-08
1592 3.22561e-08
1594 3.92197e-08
1596 7.2588e-08
1598 5.04134e-08
1600 3.41092e-08
1604 3.95228e-08
1608 3.21941e-08
1612 3.87224e-08
1616 4.69852e-08
1620 1.6861e-07
1624 3.64542e-08
1628 4.35456e-08
1632 3.57076e-08
1636 3.4805e-08
1640 3.18297e-08
1644 3.0828e-08
1648 3.07835e-08
1652 2.95883e-08
1656 3.5904e-08
1660 6.5486e-08
1664 1.51415e-07
1668 1.29218e-07
1672 1.56458e-07
1676 1.21961e-07
1680 7.4103e-08
1684 4.06205e-08
1688 3.1576e-08
1692 3.93514e-08
1696 3.70426e-08
1700 4.3597e-08
1704 3.09486e-08
1708 3.28437e-08
1712 3.05139e-08
1716 2.83054e-08
1720 3.27785e-08
1724 3.87441e-08
1728 3.54222e-08
1732 3.72872e-08
1736 3.52339e-08
1740 1.60365e-07
1744 3.34702e-08
1748 3.76594e-08
1752 3.96235e-08
1756 3.43747e-08
1760 4.28073e-08
1764 2.75799e-08
1768 3.14386e-08
1772 2.89915e-08
1776 3.00291e-08
1780 2.41371e-08
1784 3.4906e-08
1788 2.91175e-08
1792 4.16637e-08
1796 3.79828e-08
1800 4.3748e-08
1804 2.69048e-08
1808 3.14152e-08
1812 2.68966e-08
1816 3.10758e-08
1820 3.91349e-08
1824 2.87184e-08
1828 3.60779e-08
1832 3.68843e-08
1836 2.9889e-08
1840 3.09121e-08
1844 3.26041e-08
1848 2.99536e-08
1852 3.07277e-08
1856 3.76839e-08
1860 9.4921e-08
1864 4.02229e-08
1868 2.77941e-08
1872 3.02569e-08
1876 2.83387e-08
1880 3.13678e-08
1884 2.58661e-08
1888 2.48473e-08
1892 3.12565e-08
1896 3.63128e-08
1900 4.28973e-08
1904 3.39858e-08
1908 3.51002e-08
1912 3.77936e-08
1916 3.45088e-08
1920 4.06545e-08
1924 3.37397e-08
1928 3.37728e-08
1932 3.09574e-08
1936 2.94778e-08
1940 3.22793e-08
1944 2.95513e-08
1948 3.16336e-08
1952 3.49092e-08
1956 3.16603e-08
1960 3.51094e-08
1964 3.4534e-08
1968 3.45843e-08
1972 4.63352e-08
1976 6.0983e-08
1980 1.5494e-07
1984 3.31277e-08
1988 3.42211e-08
1992 3.43626e-08
1996 6.80475e-08
2000 1.20392e-07
2004 6.01045e-08
2008 4.01546e-08
2012 3.26327e-08
2016 3.02412e-08
2020 3.28466e-08
2024 3.15159e-08
2028 3.08912e-08
2032 2.99104e-08
2036 2.78166e-08
2040 3.63902e-08
2044 3.36783e-08
2048 5.75375e-08
2052 3.53805e-08
2056 3.50902e-08
2060 3.22355e-08
2064 3.17985e-08
2068 3.55816e-08
2072 3.70139e-08
2076 3.51656e-08
2080 4.20093e-08
2084 6.08015e-08
2088 9.1006e-08
2092 1.3214e-07
2096 1.1703e-07
2100 9.94665e-08
2104 4.89114e-08
2108 4.29243e-08
2112 3.65953e-08
2116 3.35047e-08
2120 3.00226e-08
2124 3.99162e-08
2128 3.33185e-08
2132 4.01888e-08
2136 3.16838e-08
2140 2.88653e-08
2144 3.32374e-08
2148 3.45027e-08
2152 3.35477e-08
2156 2.45359e-08
2160 4.09592e-08
2164 3.79933e-08
2168 3.54581e-08
2172 3.50327e-08
2176 2.90243e-08
2180 3.03779e-08
2184 2.75046e-08
2188 2.9582e-08
2192 3.46725e-08
2196 2.47472e-08
2200 3.00899e-08
2204 5.4489e-08
2208 4.38584e-08
2212 4.05427e-08
2216 4.64294e-08
2220 1.0527e-07
2224 3.48592e-08
2228 3.64066e-08
2232 2.9048e-08
2236 3.04742e-08
2240 4.11571e-08
2244 3.24461e-08
2248 3.37712e-08
2252 3.28542e-08
2256 2.96148e-08
2260 3.53023e-08
2264 3.30558e-08
2268 3.68935e-08
2272 3.15456e-08
2276 3.42806e-08
2280 4.72853e-08
2284 3.19577e-08
2288 3.56089e-08
2292 3.13684e-08
2296 3.83342e-08
2300 3.64934e-08
2304 2.50083e-08
2308 3.69247e-08
2312 2.53352e-08
2316 3.00698e-08
2320 3.46642e-08
2324 3.44332e-08
2328 4.58719e-08
2332 8.8018e-08
2336 6.06685e-08
2340 5.7518e-08
2344 4.21699e-08
2348 2.96629e-08
2352 3.44067e-08
2356 3.39967e-08
2360 3.20788e-08
2364 2.94994e-08
2368 3.22459e-08
2372 3.10113e-08
2376 4.022e-08
2380 3.65586e-08
2384 3.10874e-08
2388 3.60583e-08
2392 3.31701e-08
2396 3.49131e-08
2400 3.9659e-08
2404 2.99755e-08
2408 2.79315e-08
2412 3.12474e-08
2416 3.69633e-08
2420 3.94936e-08
2424 2.9234e-08
2428 3.375e-08
2432 2.59917e-08
2436 3.54022e-08
2440 2.72821e-08
2444 3.14296e-08
2448 3.25365e-08
2452 3.59405e-08
2456 3.99095e-08
2460 9.8092e-08
2464 3.64381e-08
2468 3.42651e-08
2472 2.68248e-08
2476 2.83467e-08
2480 2.47353e-08
2484 3.20903e-08
2488 3.5112e-08
2492 3.16132e-08
2496 3.91717e-08
2500 4.56465e-08
2504 6.4938e-08
2508 8.49085e-08
2512 9.56085e-08
2516 7.2352e-08
2520 4.94882e-08
2524 4.12592e-08
2528 3.32977e-08
2532 3.52111e-08
2536 3.37725e-08
2540 3.23324e-08
2544 3.32896e-08
2548 3.37338e-08
2552 3.5013e-08
2556 3.10244e-08
2560 2.48756e-08
2564 2.64497e-08
2568 3.07819e-08
2572 3.20567e-08
2576 3.32941e-08
2580 6.39585e-08
2584 3.06525e-08
2588 2.85141e-08
2592 2.02703e-08
2596 2.74566e-08
2600 3.06842e-08
2604 3.50917e-08
2608 3.22773e-08
2612 3.50553e-08
2616 3.66166e-08
2620 3.04136e-08
2624 3.77971e-08
2628 4.21747e-08
2632 4.07696e-08
2636 3.24525e-08
2640 4.37675e-08
2644 3.83606e-08
2648 2.80576e-08
2652 3.46675e-08
2656 3.33494e-08
2660 4.29129e-08
2664 4.38201e-08
2668 5.2629e-08
2672 3.9981e-08
2676 3.24658e-08
2680 3.45872e-08
2684 3.19786e-08
2688 3.49173e-08
2692 3.01541e-08
2696 4.3601e-08
2700 1.32689e-07
2704 4.53929e-08
2708 3.53012e-08
2712 3.39737e-08
2716 2.61803e-08
2720 2.87836e-08
2724 2.65636e-08
2728 3.31285e-08
2732 3.43607e-08
2736 3.25078e-08
2740 3.5531e-08
2744 3.17258e-08
2748 3.86456e-08
2752 4.039e-08
2756 2.65601e-08
2760 4.39723e-08
2764 2.83972e-08
2768 2.41187e-08
2772 3.27651e-08
2776 3.08863e-08
2780 3.46581e-08
2784 3.41068e-08
2788 3.55391e-08
2792 3.15758e-08
2796 2.73968e-08
2800 2.75482e-08
2804 3.65269e-08
2808 2.81658e-08
2812 4.46437e-08
2816 4.72498e-08
2820 4.32855e-08
2824 2.84596e-08
2828 2.85574e-08
2832 3.42518e-08
2836 3.11473e-08
2840 3.33065e-08
2844 3.15681e-08
2848 3.03286e-08
2852 3.0624e-08
2856 3.44899e-08
2860 2.76363e-08
2864 2.90797e-08
2868 3.35383e-08
2872 2.60693e-08
2876 3.3594e-08
2880 4.29557e-08
2884 3.48302e-08
2888 3.43428e-08
2892 2.57761e-08
2896 2.62674e-08
2900 2.99651e-08
2904 3.27265e-08
2908 3.59719e-08
2912 3.31012e-08
2916 3.32859e-08
2920 4.26831e-08
2924 5.16535e-08
2928 5.9736e-08
2932 5.8233e-08
2936 4.93258e-08
2940 4.81244e-08
2944 2.95716e-08
2948 2.98677e-08
2952 3.02878e-08
2956 3.33408e-08
2960 3.55965e-08
2964 3.6726e-08
2968 3.49939e-08
2972 3.32773e-08
2976 3.19027e-08
2980 2.96015e-08
2984 3.73537e-08
2988 3.76817e-08
2992 2.59321e-08
2996 3.5583e-08
3000 3.822e-08
3004 2.79743e-08
3008 3.19406e-08
3012 3.42802e-08
3016 3.33982e-08
3020 3.35909e-08
3024 3.77477e-08
3028 3.40993e-08
3032 4.12858e-08
3036 3.22429e-08
3040 3.74e-08
3044 3.6009e-08
3048 4.1636e-08
3052 3.92037e-08
3056 3.83708e-08
3060 7.8199e-08
3064 3.72621e-08
3068 3.19121e-08
3072 6.3133e-08
3076 2.97069e-08
3080 3.37597e-08
3084 3.25494e-08
3088 2.75031e-08
3092 3.04213e-08
3096 4.2278e-08
3100 3.48061e-08
3104 3.15475e-08
3108 3.1097e-08
3112 2.96828e-08
3116 3.31438e-08
3120 3.71352e-08
3124 3.17461e-08
3128 3.09063e-08
3132 2.47683e-08
3136 2.85314e-08
3140 3.09817e-08
3144 3.2118e-08
3148 2.78126e-08
3152 3.4507e-08
3156 2.66575e-08
3160 2.79403e-08
3164 3.57129e-08
3168 3.13862e-08
3172 3.41292e-08
3176 3.80881e-08
3180 8.134e-08
3184 2.90502e-08
3188 3.17894e-08
3192 3.58321e-08
3196 2.54229e-08
3200 3.02785e-08
3216 3.2303e-08
3232 3.04075e-08
3248 3.1755e-08
3264 3.04562e-08
3280 3.24538e-08
3296 3.73652e-08
3312 3.26805e-08
3328 2.99195e-08
3344 4.59155e-08
3360 4.09943e-08
3376 2.74903e-08
3392 2.82785e-08
3408 2.75148e-08
3424 4.82685e-08
3440 3.07717e-08
3456 2.84368e-08
3472 3.39457e-08
3488 3.04645e-08
3504 3.3479e-08
3520 2.89477e-08
3536 4.76818e-08
3552 2.4645e-08
3568 3.14873e-08
3584 3.03585e-08
3600 3.72827e-08
3616 3.25175e-08
3632 4.1065e-08
3648 3.37117e-08
3664 2.79255e-08
3680 3.79218e-08
3696 3.12363e-08
3712 3.59765e-08
3728 2.94833e-08
3744 2.6928e-08
3760 3.81412e-08
3776 3.23745e-08
3792 2.61565e-08
3808 2.81968e-08
3824 3.13957e-08
3840 2.9614e-08
3856 3.03895e-08
3872 3.4062e-08
3888 3.48685e-08
3904 4.19973e-08
3920 2.6842e-08
3936 2.9503e-08
3952 3.06827e-08
3968 3.35077e-08
3984 2.63705e-08
4000 2.96885e-08
4016 3.93312e-08
4032 2.86573e-08
4048 2.91955e-08
4064 3.43465e-08
4080 2.99847e-08
4096 2.82307e-08
4112 2.91605e-08
4128 2.76175e-08
4144 3.0817e-08
4160 2.73715e-08
4176 3.2574e-08
4192 3.37762e-08
4208 3.05103e-08
4224 2.71857e-08
4240 2.7669e-08
4256 3.67785e-08
4272 3.62308e-08
4288 2.79175e-08
4304 2.6518e-08
4320 3.48838e-08
4336 2.90728e-08
4352 2.85072e-08
4368 3.4151e-08
4384 4.41608e-08
4400 2.70897e-08
4416 2.98382e-08
4432 3.5173e-08
4448 3.7745e-08
4464 2.5964e-08
4480 2.77495e-08
4496 3.99198e-08
4512 3.07885e-08
4528 2.9702e-08
4544 2.96085e-08
4560 3.30633e-08
4576 2.6513e-08
4592 2.9326e-08
4608 2.64882e-08
4624 2.60015e-08
4640 2.95828e-08
4656 2.80948e-08
4672 3.48298e-08
4688 3.24972e-08
4704 2.58333e-08
4720 3.33785e-08
4736 3.7294e-08
4752 2.2886e-08
4768 3.22748e-08
4784 3.22923e-08
4800 2.95598e-08
4816 2.55255e-08
4832 3.55473e-08
4848 2.9162e-08
4864 3.2427e-08
4880 3.09625e-08
4896 2.77123e-08
4912 3.89127e-08
4928 2.17266e-08
4944 3.09587e-08
4960 2.9899e-08
4976 2.8373e-08
4992 3.05825e-08
5008 2.81902e-08
5024 3.0664e-08
5040 2.75805e-08
5056 2.8404e-08
5072 3.22328e-08
5088 2.94168e-08
5104 2.48728e-08
5120 3.12073e-08
5136 3.06625e-08
5152 2.99125e-08
5168 2.69055e-08
5184 3.7455e-08
5200 2.80065e-08
5216 2.5573e-08
5232 3.26053e-08
5248 3.58065e-08
5264 2.76765e-08
5280 2.6049e-08
5296 3.3828e-08
5312 3.03682e-08
5328 2.42054e-08
5344 3.12478e-08
5360 2.48648e-08
5376 2.8628e-08
5392 3.51242e-08
5408 3.1477e-08
5424 2.65418e-08
5440 3.21082e-08
5456 3.3829e-08
5472 2.50232e-08
5488 2.24466e-08
5504 2.77538e-08
5520 3.1212e-08
5536 2.61377e-08
5552 2.46563e-08
5568 2.83242e-08
5584 3.23558e-08
5600 2.59273e-08
5616 3.09692e-08
5632 2.76155e-08
5648 3.21165e-08
5664 3.1908e-08
5680 3.0644e-08
5696 2.77383e-08
5712 3.02985e-08
5728 2.93952e-08
5744 3.33325e-08
5760 3.47725e-08
5776 2.72318e-08
5792 2.76787e-08
5808 2.51375e-08
5824 3.44537e-08
5840 3.80468e-08
5856 2.5861e-08
5872 3.35393e-08
5888 3.00043e-08
5904 2.66175e-08
5920 2.80697e-08
5936 3.4378e-08
5952 3.43938e-08
5968 3.2954e-08
5984 3.08835e-08
6000 2.64712e-08
6016 2.9023e-08
6032 2.92102e-08
6048 2.80317e-08
6064 3.2996e-08
6080 2.80907e-08
6096 2.65905e-08
6112 2.56777e-08
6128 3.06492e-08
6144 2.88098e-08
6160 3.28557e-08
6176 2.82097e-08
6192 2.64307e-08
6208 2.8574e-08
6224 3.62982e-08
6240 3.17593e-08
6256 3.08807e-08
6272 2.09907e-08
6288 2.73117e-08
6304 2.83923e-08
6320 3.12972e-08
6336 3.16227e-08
6352 3.20247e-08
6368 2.98082e-08
6384 3.1568e-08
6400 3.16733e-08
6416 3.2065e-08
6432 3.21993e-08
6448 3.00312e-08
6464 2.48189e-08
6480 2.70572e-08
6496 3.00112e-08
6512 3.6293e-08
6528 2.88535e-08
6544 2.78848e-08
6560 3.42972e-08
6576 3.09773e-08
6592 3.3617e-08
6608 2.80283e-08
6624 2.31247e-08
6640 2.92255e-08
6656 4.19393e-08
6672 3.08115e-08
6688 2.86963e-08
6704 2.8199e-08
6720 2.6967e-08
6736 2.90012e-08
6752 2.96553e-08
6768 3.0395e-08
6784 2.9437e-08
6800 3.11385e-08
6816 2.73665e-08
6832 2.49357e-08
6848 2.1625e-08
6864 2.9627e-08
6880 3.42192e-08
6896 3.22135e-08
6912 3.7186e-08
6928 3.11962e-08
6944 3.32045e-08
6960 2.55725e-08
6976 2.82017e-08
6992 2.77427e-08
7008 2.8187e-08
7024 3.1221e-08
7040 2.18067e-08
7056 2.74805e-08
7072 3.40845e-08
7088 2.89353e-08
7104 3.01913e-08
7120 3.26152e-08
7136 3.1767e-08
7152 2.58867e-08
7168 3.19975e-08
7184 2.6731e-08
7200 2.96653e-08
7216 2.93332e-08
7232 2.99957e-08
7248 3.16158e-08
7264 2.88328e-08
7280 2.46658e-08
7296 2.90702e-08
7312 2.54663e-08
7328 2.85867e-08
7344 3.08117e-08
7360 2.95975e-08
7376 3.16167e-08
7392 3.42202e-08
7408 2.33504e-08
7424 3.1306e-08
7440 2.7691e-08
7456 3.35322e-08
7472 3.4667e-08
7488 3.56365e-08
7504 3.4498e-08
7520 3.62162e-08
7536 3.30365e-08
7552 3.15908e-08
7568 3.20225e-08
7584 3.65127e-08
7600 2.70725e-08
7616 3.16913e-08
7632 3.38222e-08
7648 2.73238e-08
7664 2.52815e-08
7680 2.47979e-08
7696 3.32112e-08
7712 2.69585e-08
7728 3.1079e-08
7744 2.92235e-08
7760 2.33516e-08
7776 2.80195e-08
7792 3.14093e-08
7808 2.98715e-08
7824 5.42065e-08
7840 3.08448e-08
7856 3.55447e-08
7872 2.8111e-08
7888 3.00635e-08
7904 2.33643e-08
7920 3.11188e-08
7936 2.92542e-08
7952 2.7258e-08
7968 3.4828e-08
7984 3.27413e-08
8000 2.92365e-08
8016 3.11865e-08
8032 3.53205e-08
8048 3.3589e-08
8064 3.28125e-08
8080 3.13715e-08
8096 3.44638e-08
8112 3.19955e-08
8128 3.2646e-08
8144 3.1203e-08
8160 3.3023e-08
8176 4.6395e-08
8192 2.84593e-08
8208 2.47757e-08
8224 3.3406e-08
8240 2.66385e-08
8256 3.2777e-08
8272 3.05022e-08
8288 3.03315e-08
8304 2.87287e-08
8320 3.07753e-08
8336 2.73925e-08
8352 2.816e-08
8368 2.9732e-08
8384 2.71763e-08
8400 2.44987e-08
8416 2.85055e-08
8432 3.12763e-08
8448 2.8274e-08
8464 2.70933e-08
8480 2.59585e-08
8496 3.11495e-08
8512 3.70385e-08
8528 2.75825e-08
8544 3.73398e-08
8560 3.0113e-08
8576 2.95695e-08
8592 3.07523e-08
8608 4.01672e-08
8624 2.53065e-08
8640 3.09922e-08
8656 2.99945e-08
8672 3.04102e-08
8688 3.28897e-08
8704 3.3862e-08
8720 3.0984e-08
8736 3.38835e-08
8752 3.6543e-08
8768 2.7191e-08
8784 3.11042e-08
8800 2.94253e-08
8816 2.50828e-08
8832 2.98385e-08
8848 2.59142e-08
8864 3.07968e-08
8880 2.7253e-08
8896 2.51768e-08
8912 3.31093e-08
8928 2.82797e-08
8944 3.0394e-08
8960 2.6703e-08
8976 2.78853e-08
8992 3.59283e-08
9008 2.83495e-08
9024 3.3697e-08
9040 2.99767e-08
9056 2.8386e-08
9072 3.0967e-08
9088 3.06063e-08
9104 3.0297e-08
9120 3.3368e-08
9136 3.61728e-08
9152 2.80287e-08
9168 3.6153e-08
9184 2.88443e-08
9200 3.46575e-08
9216 2.67795e-08
9232 3.0858e-08
9248 3.5588e-08
9264 3.28252e-08
9280 2.62063e-08
9296 3.69632e-08
9312 2.9886e-08
9328 2.79907e-08
9344 3.29758e-08
9360 3.40327e-08
9376 2.73175e-08
9392 2.56392e-08
9408 3.00728e-08
9424 3.52642e-08
9440 2.95365e-08
9456 3.31407e-08
9472 3.54095e-08
9488 3.50772e-08
9504 3.6147e-08
9520 4.17048e-08
9536 3.72485e-08
9552 3.25553e-08
9568 3.20045e-08
9584 2.57912e-08
9600 2.61585e-08
9616 3.22203e-08
9632 2.68898e-08
9648 3.57395e-08
9664 2.99537e-08
9680 3.0401e-08
9696 3.05588e-08
9712 2.9315e-08
9728 3.6193e-08
9744 2.71795e-08
9760 2.67275e-08
9776 2.73793e-08
9792 3.12455e-08
9808 3.44e-08
9824 3.99893e-08
9840 3.43665e-08
9856 2.92572e-08
9872 2.8762e-08
9888 3.44928e-08
9904 3.23817e-08
9920 2.6578e-08
9936 3.07295e-08
9952 3.6013e-08
9968 3.5659e-08
9984 3.4121e-08
10000 3.26107e-08
10016 3.5363e-08
10032 2.75857e-08
10048 2.58653e-08
10064 2.4969e-08
10080 3.70517e-08
10096 3.15343e-08
10112 2.79398e-08
10128 2.95253e-08
10144 3.426e-08
10160 2.93935e-08
10176 2.61603e-08
10192 3.8836e-08
10208 3.20372e-08
10224 3.51887e-08
10240 3.20103e-08
10256 3.27708e-08
10272 3.24268e-08
10288 3.43398e-08
10304 3.11787e-08
10320 3.03843e-08
10336 3.2038e-08
10352 3.91308e-08
10368 3.66845e-08
10384 2.98468e-08
10400 2.82242e-08
10416 2.92125e-08
10432 2.65655e-08
10448 3.179e-08
10464 3.13787e-08
10480 3.04468e-08
10496 3.46608e-08
10512 3.10438e-08
10528 3.17723e-08
10544 3.01127e-08
10560 3.3669e-08
10576 3.00385e-08
10592 3.24153e-08
10608 2.47502e-08
10624 3.0452e-08
10640 3.01875e-08
10656 2.79053e-08
10672 3.32627e-08
10688 3.38195e-08
10704 3.0405e-08
10720 3.06132e-08
10736 3.7626e-08
10752 2.73397e-08
10768 3.5824e-08
10784 3.25265e-08
10800 2.53247e-08
10816 3.91883e-08
10832 3.01785e-08
10848 3.1359e-08
10864 3.15227e-08
10880 2.67938e-08
10896 2.77948e-08
10912 3.17005e-08
10928 2.9579e-08
10944 3.71905e-08
10960 2.64288e-08
10976 3.39117e-08
10992 3.4553e-08
11008 2.81743e-08
11024 2.55987e-08
11040 3.22835e-08
11056 3.67072e-08
11072 3.57152e-08
11088 3.27235e-08
11104 3.0987e-08
11120 2.9301e-08
11136 3.41612e-08
11152 2.57075e-08
11168 3.39785e-08
11184 3.27053e-08
11200 2.9246e-08
11216 3.25125e-08
11232 2.8063e-08
11248 3.39375e-08
11264 3.26905e-08
11280 2.79145e-08
11296 3.00285e-08
11312 3.04285e-08
11328 3.34695e-08
11344 2.9819e-08
11360 3.27437e-08
11376 2.34657e-08
11392 3.0389e-08
11408 3.6536e-08
11424 3.2796e-08
11440 3.3033e-08
11456 3.31188e-08
11472 2.60993e-08
11488 3.08055e-08
11504 3.5633e-08
11520 3.18347e-08
11536 2.63208e-08
11552 2.81552e-08
11568 3.03457e-08
11584 3.63893e-08
11600 2.82042e-08
11616 3.15855e-08
11632 2.9847e-08
11648 3.21815e-08
11664 3.61385e-08
11680 2.81782e-08
11696 2.96015e-08
11712 3.59182e-08
11728 3.17052e-08
11744 2.6733e-08
11760 3.0537e-08
11776 3.51578e-08
11792 3.492e-08
11808 2.9527e-08
11824 2.973e-08
11840 3.4577e-08
11856 3.01775e-08
11872 3.15108e-08
11888 3.40985e-08
11904 3.29817e-08
11920 3.29158e-08
11936 4.40725e-08
11952 3.37918e-08
11968 3.0326e-08
11984 2.86028e-08
12000 3.14498e-08
12016 2.88787e-08
12032 3.782e-08
12048 3.71617e-08
12064 2.8466e-08
12080 3.11705e-08
12096 3.41675e-08
12112 4.17007e-08
12128 3.27303e-08
12144 3.1155e-08
12160 2.96662e-08
12176 3.63818e-08
12192 3.22232e-08
12208 2.7595e-08
12224 3.26545e-08
12240 3.65998e-08
12256 3.10795e-08
12272 3.31582e-08
12288 3.6997e-08
12304 3.28497e-08
12320 3.69188e-08
12336 3.94362e-08
12352 5.24272e-08
12368 4.2839e-08
12384 3.245e-08
12400 2.75335e-08
12416 3.39903e-08
12432 3.29113e-08
12448 2.7197e-08
12464 3.4509e-08
12480 3.8731e-08
12496 2.86815e-08
12512 3.32465e-08
12528 3.19835e-08
12544 2.7472e-08
12560 3.13655e-08
12576 3.83637e-08
12592 3.10585e-08
12608 3.16282e-08
12624 3.06725e-08
12640 4.81085e-08
12656 3.80385e-08
12672 3.88228e-08
12688 3.5223e-08
12704 3.0922e-08
12720 3.16055e-08
12736 3.88915e-08
12752 3.33045e-08
12768 4.0671e-08
12784 3.55207e-08
12800 3.24747e-08
12864 3.31858e-08
12928 3.53144e-08
12992 3.60369e-08
13056 3.49835e-08
13120 3.0115e-08
13184 4.58614e-08
13248 3.66981e-08
13312 2.97176e-08
13376 3.29984e-08
13440 3.33259e-08
13504 3.4902e-08
13568 3.37887e-08
13632 3.57491e-08
13696 2.85629e-08
13760 3.50325e-08
13824 2.87462e-08
13888 3.58596e-08
13952 3.04271e-08
14016 3.18639e-08
14080 3.43249e-08
14144 2.93736e-08
14208 2.71449e-08
14272 3.14319e-08
14336 3.55184e-08
14400 3.61742e-08
14464 3.3498e-08
14528 3.23226e-08
14592 2.70051e-08
14656 3.6081e-08
14720 3.79304e-08
14784 3.43477e-08
14848 3.88295e-08
14912 3.64338e-08
14976 3.06192e-08
15040 3.83081e-08
15104 2.9752e-08
15168 3.69041e-08
15232 3.03686e-08
15296 2.93224e-08
15360 3.25469e-08
15424 3.53743e-08
15488 2.98722e-08
15552 2.99659e-08
15616 3.42679e-08
15680 3.31331e-08
15744 3.57998e-08
15808 3.81274e-08
15872 2.88791e-08
15936 2.92824e-08
16000 3.13928e-08
16064 4.2033e-08
16128 3.5552e-08
16192 3.14386e-08
16256 3.17231e-08
16320 4.715e-08
16384 3.19645e-08
16448 4.06955e-08
16512 6.23825e-08
16576 5.00655e-08
16640 5.16718e-08
16704 4.96115e-08
16768 3.77644e-08
16832 3.4069e-08
16896 3.98909e-08
16960 9.33745e-08
17024 4.59164e-08
17088 1.23931e-07
17152 9.56794e-08
17216 4.59556e-08
17280 4.58035e-08
17344 9.16264e-08
17408 7.019e-08
17472 4.1903e-08
17536 3.09794e-08
17600 4.11839e-08
17664 3.17097e-08
17728 2.76546e-08
17792 7.06157e-08
17856 2.66366e-08
17920 3.17415e-08
17984 3.77763e-08
18048 3.24395e-08
18112 3.32502e-08
18176 3.7746e-08
18240 3.9618e-08
18304 3.80151e-08
18368 3.04199e-08
18432 3.27069e-08
18496 3.38412e-08
18560 3.47786e-08
18624 4.05879e-08
18688 3.18481e-08
18752 3.73223e-08
18816 3.69574e-08
18880 4.23434e-08
18944 3.07894e-08
19008 5.96511e-08
19072 4.04234e-08
19136 1.50304e-07
19200 5.08302e-08
19264 1.21145e-07
19328 5.9906e-08
19392 9.09714e-08
19456 4.03654e-08
19520 4.1887e-08
19584 3.15563e-07
19648 5.12645e-08
19712 4.51894e-08
19776 3.82126e-08
19840 3.52918e-08
19904 4.24334e-08
19968 3.87699e-08
20032 3.44134e-08
20096 3.2083e-08
20160 3.07356e-08
20224 3.73599e-08
20288 3.5762e-08
20352 4.15201e-08
20416 3.77324e-08
20480 4.1721e-08
20544 3.25386e-08
20608 3.29581e-08
20672 4.53878e-08
20736 3.33444e-08
20800 2.69271e-08
20864 3.24416e-08
20928 3.52577e-08
20992 3.34259e-08
21056 3.61608e-08
21120 3.22897e-08
21184 3.7277e-08
21248 3.48995e-08
21312 4.01046e-08
21376 3.24931e-08
21440 3.20621e-08
21504 3.89867e-08
21568 3.92029e-08
21632 3.28852e-08
21696 3.79784e-08
21760 3.55112e-08
21824 3.76713e-08
21888 3.8784e-08
21952 3.90115e-08
22016 3.23315e-08
22080 3.29693e-08
22144 3.53165e-08
22208 3.21456e-08
22272 3.66937e-08
22336 3.74539e-08
22400 3.54945e-08
22464 3.16843e-08
22528 3.13071e-08
22592 3.04429e-08
22656 3.42899e-08
22720 3.54975e-08
22784 2.9537e-08
22848 3.19487e-08
22912 3.3576e-08
22976 3.46733e-08
23040 2.90072e-08
23104 3.18726e-08
23168 2.74487e-08
23232 3.34619e-08
23296 3.86374e-08
23360 3.15575e-08
23424 3.58477e-08
23488 3.67969e-08
23552 3.6923e-08
23616 3.37624e-08
23680 3.10891e-08
23744 3.72746e-08
23808 3.57808e-08
23872 3.77746e-08
23936 3.11282e-08
24000 3.93009e-08
24064 3.12939e-08
24128 3.29113e-08
24192 3.04144e-08
24256 2.87359e-08
24320 3.53485e-08
24384 3.05644e-08
24448 3.7053e-08
24512 3.19671e-08
24576 3.28164e-08
24640 3.9465e-08
24704 3.3556e-08
24768 3.60106e-08
24832 2.58369e-08
24896 3.1681e-08
24960 3.139e-08
25024 2.90217e-08
25088 4.26959e-08
25152 3.6082e-08
25216 3.52829e-08
25280 3.32026e-08
25344 3.08469e-08
25408 3.60541e-08
25472 2.79954e-08
25536 2.97165e-08
25600 3.79657e-08
25664 3.16861e-08
25728 3.0884e-08
25792 3.01396e-08
25856 3.3079e-08
25920 2.93865e-08
25984 3.83817e-08
26048 3.53514e-08
26112 3.63546e-08
26176 3.18786e-08
26240 3.80836e-08
26304 3.94856e-08
26368 3.4047e-08
26432 4.17311e-08
26496 3.01313e-08
26560 3.37383e-08
26624 4.55561e-08
26688 3.50574e-08
26752 3.28424e-08
26816 3.10549e-08
26880 3.04581e-08
26944 3.38876e-08
27008 3.72965e-08
27072 3.78469e-08
27136 3.51631e-08
27200 3.54461e-08
27264 3.83314e-08
27328 3.50607e-08
27392 3.8573e-08
27456 3.39785e-08
27520 3.6886e-08
27584 2.9952e-08
27648 3.43876e-08
27712 2.99206e-08
27776 2.98362e-08
27840 3.6658e-08
27904 3.26996e-08
27968 2.36248e-08
28032 3.45414e-08
28096 3.30915e-08
28160 3.11588e-08
28224 3.32124e-08
28288 3.66916e-08
28352 3.37946e-08
28416 4.02894e-08
28480 3.37007e-08
28544 3.11796e-08
28608 3.40155e-08
28672 3.3124e-08
28736 3.53895e-08
28800 3.53741e-08
28864 3.37192e-08
28928 3.28322e-08
28992 3.65851e-08
29056 3.00866e-08
29120 2.96869e-08
29184 3.38148e-08
29248 3.14785e-08
29312 3.1484e-08
29376 3.20058e-08
29440 3.10754e-08
29504 3.60103e-08
29568 2.59039e-08
29632 3.77104e-08
29696 3.19249e-08
29760 3.38932e-08
29824 3.60321e-08
29888 2.64767e-08
29952 3.63905e-08
30016 3.20101e-08
30080 2.95451e-08
30144 3.84089e-08
30208 2.94964e-08
30272 3.43369e-08
30336 2.91034e-08
30400 2.88779e-08
30464 4.00245e-08
30528 2.90349e-08
30592 3.6001e-08
30656 3.84211e-08
30720 3.35275e-08
30784 3.32855e-08
30848 3.30692e-08
30912 3.4617e-08
30976 3.62184e-08
31040 3.12209e-08
31104 3.56424e-08
31168 3.94118e-08
31232 2.52125e-08
31296 2.98238e-08
31360 2.97211e-08
31424 3.30356e-08
31488 3.28414e-08
31552 3.18812e-08
31616 2.79652e-08
31680 3.1817e-08
31744 3.40604e-08
31808 2.93519e-08
31872 2.83817e-08
31936 3.68297e-08
32000 3.29758e-08
32064 4.03159e-08
32128 3.55356e-08
32192 3.00695e-08
32256 3.06213e-08
32320 2.80471e-08
32384 3.61131e-08
32448 2.81416e-08
32512 3.22e-08
32576 3.19831e-08
32640 3.4799e-08
32704 3.49554e-08
32768 2.71086e-08
32832 3.07314e-08
32896 3.54134e-08
32960 3.09827e-08
33024 3.55839e-08
33088 2.91006e-08
33152 3.35703e-08
33216 3.15391e-08
33280 3.5111e-08
33344 3.2146e-08
33408 3.34586e-08
33472 4.92934e-08
33536 3.00921e-08
33600 2.95834e-08
33664 3.38321e-08
33728 3.46124e-08
33792 3.26478e-08
33856 4.31999e-08
33920 7.61308e-08
33984 4.44521e-08
34048 3.16694e-08
34112 4.16919e-08
34176 5.36581e-08
34240 1.42038e-07
34304 2.15993e-07
34368 1.14386e-07
34432 5.28928e-08
34496 4.15693e-08
34560 4.86563e-08
34624 3.92821e-08
34688 4.68312e-08
34752 1.78097e-07
34816 3.53326e-08
34880 3.10221e-08
34944 3.3808e-08
35008 3.61465e-08
35072 3.10044e-08
35136 4.27886e-08
35200 3.80484e-08
35264 3.1473e-08
35328 3.05693e-08
35392 2.88393e-08
35456 2.98351e-08
35520 3.45074e-08
35584 4.15216e-08
35648 3.01368e-08
35712 3.2681e-08
35776 3.35185e-08
35840 2.9065e-08
35904 3.11574e-08
35968 3.44053e-08
36032 3.26796e-08
36096 2.88006e-08
36160 3.84155e-08
36224 2.88773e-08
36288 3.75414e-08
36352 3.46971e-08
36416 3.67694e-08
36480 3.33445e-08
36544 3.55985e-08
36608 3.30214e-08
36672 3.48068e-08
36736 3.64114e-08
36800 2.83898e-08
36864 3.46394e-08
36928 3.09572e-08
36992 3.38519e-08
37056 3.1759e-08
37120 3.03637e-08
37184 3.36215e-08
37248 3.45165e-08
37312 3.54914e-08
37376 4.14109e-08
37440 4.12239e-08
37504 3.22815e-08
37568 3.05427e-08
37632 3.62713e-08
37696 3.34463e-08
37760 2.99531e-08
37824 3.87635e-08
37888 2.95041e-08
37952 3.78847e-08
38016 3.60587e-08
38080 4.25735e-08
38144 2.98156e-08
38208 5.03505e-08
38272 3.72178e-08
38336 5.6089e-08
38400 8.15745e-08
38464 1.62756e-07
38528 5.07287e-08
38592 5.78106e-08
38656 5.41186e-08
38720 5.04664e-08
38784 4.51935e-08
38848 3.96554e-08
38912 3.71139e-08
38976 4.01215e-08
39040 6.22016e-08
39104 8.95705e-08
39168 4.61821e-07
39232 1.22269e-07
39296 6.59865e-08
39360 4.81909e-08
39424 3.80878e-08
39488 3.619e-08
39552 3.39381e-08
39616 3.89201e-08
39680 4.04494e-08
39744 3.18296e-08
39808 3.62915e-08
39872 3.62824e-08
39936 3.99834e-08
40000 3.52019e-08
40064 3.11617e-08
40128 3.77783e-08
40192 3.86633e-08
40256 3.49573e-08
40320 3.54594e-08
40384 2.69959e-08
40448 3.24692e-08
40512 3.49046e-08
40576 3.00395e-08
40640 3.51974e-08
40704 3.06935e-08
40768 3.46984e-08
40832 4.15755e-08
40896 2.65811e-08
40960 3.40355e-08
41024 3.12763e-08
41088 3.99353e-08
41152 3.44652e-08
41216 3.02447e-08
41280 3.09649e-08
41344 3.33807e-08
41408 2.9822e-08
41472 4.30943e-08
41536 3.74611e-08
41600 3.37975e-08
41664 3.44384e-08
41728 3.36226e-08
41792 4.01391e-08
41856 3.58776e-08
41920 3.49842e-08
41984 3.48069e-08
42048 3.21735e-08
42112 3.1596e-08
42176 3.32894e-08
42240 3.3194e-08
42304 2.92434e-08
42368 3.36201e-08
42432 3.6413e-08
42496 3.46522e-08
42560 3.38735e-08
42624 2.98476e-08
42688 3.25626e-08
42752 3.77003e-08
42816 2.80411e-08
42880 3.38879e-08
42944 3.46406e-08
43008 3.12432e-08
43072 2.69202e-08
43136 3.24501e-08
43200 2.79788e-08
43264 3.16044e-08
43328 3.47544e-08
43392 2.85439e-08
43456 3.85792e-08
43520 3.40584e-08
43584 2.6428e-08
43648 2.89445e-08
43712 3.37297e-08
43776 3.29205e-08
43840 3.18906e-08
43904 3.13234e-08
43968 3.25831e-08
44032 3.1998e-08
44096 2.78506e-08
44160 3.02631e-08
44224 3.02166e-08
44288 3.68305e-08
44352 2.79391e-08
44416 3.38182e-08
44480 3.44595e-08
44544 2.72741e-08
44608 3.00153e-08
44672 3.42988e-08
44736 3.38874e-08
44800 3.02201e-08
44864 3.29981e-08
44928 2.95029e-08
44992 3.75425e-08
45056 3.58284e-08
45120 3.01597e-08
45184 3.67023e-08
45248 3.46397e-08
45312 2.67965e-08
45376 3.33327e-08
45440 3.89867e-08
45504 2.5222e-08
45568 3.25095e-08
45632 3.19621e-08
45696 2.99062e-08
45760 3.06459e-08
45824 3.53355e-08
45888 3.2291e-08
45952 2.99715e-08
46016 3.70368e-08
46080 3.80769e-08
46144 3.11222e-08
46208 4.2497e-08
46272 3.32085e-08
46336 3.25023e-08
46400 3.04025e-08
46464 2.84059e-08
46528 3.9568e-08
46592 2.32649e-08
46656 3.60213e-08
46720 3.10355e-08
46784 2.97698e-08
46848 3.04314e-08
46912 3.25378e-08
46976 3.4314e-08
47040 3.1924e-08
47104 4.94386e-08
47168 3.8721e-08
47232 2.99384e-08
47296 3.01699e-08
47360 3.59251e-08
47424 3.3195e-08
47488 3.16997e-08
47552 3.70013e-08
47616 3.36322e-08
47680 2.98539e-08
47744 3.13449e-08
47808 3.31436e-08
47872 4.49325e-08
47936 4.39279e-08
48000 3.25346e-08
48064 3.37561e-08
48128 3.30321e-08
48192 3.14257e-08
48256 3.71221e-08
48320 3.45165e-08
48384 3.0294e-08
48448 3.37559e-08
48512 2.76683e-08
48576 4.18283e-08
48640 3.64781e-08
48704 3.452e-08
48768 3.1456e-08
48832 3.3767e-08
48896 3.08771e-08
48960 3.10981e-08
49024 2.9126e-08
49088 3.7661e-08
49152 3.35756e-08
49216 2.93481e-08
49280 3.47835e-08
49344 2.79749e-08
49408 3.46752e-08
49472 3.39927e-08
49536 3.7596e-08
49600 3.51821e-08
49664 3.54896e-08
49728 4.12749e-08
49792 4.10014e-08
49856 4.65676e-08
49920 8.3396e-08
49984 4.42759e-08
50048 1.39071e-07
50112 4.48412e-08
50176 1.91273e-07
50240 6.34027e-08
50304 9.38841e-08
50368 8.24013e-08
50432 9.41665e-08
50496 1.08559e-07
50560 9.81746e-08
50624 8.96551e-08
50688 6.51749e-08
50752 9.10494e-08
50816 8.55885e-08
50880 1.7548e-07
50944 1.09397e-07
51008 1.15841e-07
51072 6.85161e-08
51136 7.56105e-08
51200 4.04472e-08
51328 6.35488e-08
51456 3.98203e-08
51584 4.19907e-08
51712 3.4612e-08
51840 4.20188e-08
51968 3.47331e-08
52096 3.12713e-08
52224 3.41686e-08
52352 3.38022e-08
52480 3.50858e-08
52608 4.0772e-08
52736 3.9591e-08
52864 4.5701e-08
52992 3.79732e-08
53120 3.2835e-08
53248 4.28636e-08
53376 4.13877e-08
53504 3.65537e-08
53632 3.14895e-08
53760 3.28834e-08
53888 7.6435e-08
54016 3.81543e-08
54144 3.77954e-08
54272 3.1451e-08
54400 3.57876e-08
54528 3.2763e-08
54656 3.9509e-08
54784 2.86664e-08
54912 3.79243e-08
55040 4.26146e-08
55168 4.94863e-08
55296 3.52684e-08
55424 3.01909e-08
55552 3.25027e-08
55680 3.08379e-08
55808 2.767e-08
55936 3.52474e-08
56064 3.47389e-08
56192 3.51359e-08
56320 3.20214e-08
56448 3.00037e-08
56576 3.63737e-08
56704 4.13695e-08
56832 3.42664e-08
56960 3.55503e-08
57088 5.32775e-08
57216 5.94101e-08
57344 2.95107e-08
57472 3.37816e-08
57600 2.82679e-08
57728 2.98205e-08
57856 3.63883e-08
57984 3.78082e-08
58112 3.89067e-08
58240 4.66449e-08
58368 3.2412e-08
58496 3.7433e-08
58624 4.80788e-08
58752 3.47475e-07
58880 6.11496e-08
59008 3.42233e-08
59136 4.14451e-08
59264 3.64635e-08
59392 3.45004e-08
59520 3.77977e-08
59648 3.00464e-08
59776 3.37698e-08
59904 3.22589e-08
60032 2.88877e-08
60160 3.22677e-08
60288 3.48817e-08
60416 3.79402e-08
60544 3.56541e-08
60672 3.43771e-08
60800 3.78634e-08
60928 2.99624e-08
61056 3.29167e-08
61184 3.15217e-08
61312 2.91206e-08
61440 4.32253e-08
61568 4.3042e-08
61696 2.95747e-08
61824 3.45399e-08
61952 2.73987e-08
62080 3.03975e-08
62208 3.30798e-08
62336 3.84925e-08
62464 3.78717e-08
62592 3.18899e-08
62720 3.67623e-08
62848 2.79652e-08
62976 3.67068e-08
63104 3.02269e-08
63232 2.59839e-08
63360 3.24256e-08
63488 2.92777e-08
63616 3.11832e-08
63744 2.73688e-08
63872 3.57062e-08
64000 3.99545e-08
64128 2.96723e-08
64256 3.15523e-08
64384 3.30315e-08
64512 2.83646e-08
64640 3.5497e-08
64768 3.38848e-08
64896 3.41876e-08
65024 2.51638e-08
65152 3.16096e-08
65280 3.36916e-08
65408 3.38753e-08
65536 3.34524e-08
65664 3.39514e-08
65792 3.6833e-08
65920 2.99249e-08
66048 3.54931e-08
66176 2.71543e-08
66304 2.53294e-08
66432 3.28484e-08
66560 3.31792e-08
66688 3.34591e-08
66816 3.10549e-08
66944 3.16748e-08
67072 4.78101e-08
67200 2.86969e-08
67328 3.19656e-08
67456 3.49084e-08
67584 2.98087e-08
67712 3.62341e-08
67840 5.22621e-08
67968 4.03931e-08
68096 2.71478e-08
68224 4.67298e-08
68352 3.40932e-08
68480 3.76343e-08
68608 5.8724e-08
68736 4.8304e-08
68864 4.15699e-08
68992 3.20465e-08
69120 4.50094e-08
69248 3.363e-08
69376 3.48354e-08
69504 5.0779e-08
69632 2.95543e-08
69760 3.50195e-08
69888 3.93636e-08
70016 2.94991e-08
70144 3.54711e-08
70272 4.21173e-08
70400 4.35278e-08
70528 3.74674e-08
70656 3.82783e-08
70784 3.71291e-08
70912 4.38877e-08
71040 3.98504e-08
71168 4.24057e-08
71296 3.34432e-08
71424 3.60528e-08
71552 4.45416e-08
71680 4.97755e-08
71808 4.30754e-08
71936 4.50007e-08
72064 4.56433e-08
72192 3.51081e-08
72320 4.14627e-08
72448 4.28288e-08
72576 3.54977e-08
72704 3.80702e-08
72832 4.19575e-08
72960 4.50621e-08
73088 3.82733e-08
73216 4.35313e-08
73344 3.51137e-08
73472 4.4906e-08
73600 4.37267e-08
73728 3.94723e-08
73856 4.19798e-08
73984 4.1601e-08
74112 3.96896e-08
74240 5.14542e-08
74368 4.73083e-08
74496 4.13637e-08
74624 4.17245e-08
74752 9.93158e-08
74880 5.79167e-08
75008 5.13596e-08
75136 5.00447e-08
75264 5.4232e-08
75392 5.01901e-08
75520 6.74003e-08
75648 6.53901e-08
75776 5.78112e-08
75904 5.82626e-08
76032 5.46129e-08
76160 5.29952e-08
76288 5.53379e-08
76416 4.5226e-08
76544 5.43264e-08
76672 6.49851e-08
76800 8.11262e-08
76928 1.07212e-07
77056 6.78058e-08
77184 8.22164e-08
77312 7.66818e-08
77440 1.03151e-07
77568 1.53835e-07
77696 2.39494e-07
77824 5.27058e-07
77952 6.13762e-07
78080 4.92882e-07
78208 1.62704e-07
78336 2.66945e-07
78464 9.21387e-08
78592 6.88102e-08
78720 7.30719e-08
78848 7.26622e-08
78976 6.64004e-08
79104 7.61577e-08
79232 7.58525e-08
79360 9.31781e-08
79488 9.62823e-08
79616 6.11085e-08
79744 6.55286e-08
79872 5.78451e-08
80000 4.53179e-08
80128 5.81072e-08
80256 6.36391e-08
80384 5.74089e-08
80512 7.44464e-08
80640 7.86367e-08
80768 4.15035e-08
80896 3.6972e-08
81024 5.26877e-08
81152 4.41272e-08
81280 5.01406e-08
81408 5.48072e-08
81536 5.23025e-08
81664 4.55398e-08
81792 4.77882e-08
81920 5.13949e-08
82048 5.25622e-08
82176 4.60745e-08
82304 5.62622e-08
82432 5.44457e-08
82560 5.67413e-08
82688 5.25903e-08
82816 6.51043e-08
82944 6.7647e-08
83072 6.65766e-08
83200 7.57052e-08
83328 5.36571e-08
83456 7.49488e-08
83584 6.55433e-08
83712 6.70138e-08
83840 6.6106e-08
83968 7.71796e-08
84096 6.86867e-08
84224 4.34183e-08
84352 6.7711e-08
84480 7.25401e-08
84608 7.60874e-08
84736 6.42817e-08
84864 6.59576e-08
84992 6.89335e-08
85120 6.66986e-08
85248 4.40155e-08
85376 5.50325e-08
85504 6.13472e-08
85632 6.68252e-08
85760 5.07495e-08
85888 5.35442e-08
86016 5.82401e-08
86144 4.19887e-08
86272 5.52997e-08
86400 5.68859e-08
86528 4.52258e-08
86656 5.33102e-08
86784 5.37697e-08
86912 5.36819e-08
87040 6.33838e-08
87168 6.77515e-08
87296 4.74211e-08
87424 6.34581e-08
87552 5.02988e-08
87680 7.49987e-08
87808 4.40709e-08
87936 5.9904e-08
88064 4.24382e-08
88192 4.37643e-08
88320 4.75231e-08
88448 4.85569e-08
88576 5.87366e-08
88704 5.58375e-08
88832 5.53349e-08
88960 5.47054e-08
89088 5.54768e-08
89216 4.74523e-08
89344 5.79946e-08
89472 5.9254e-08
89600 5.3069e-08
89728 4.81313e-08
89856 4.94143e-08
89984 5.70596e-08
90112 5.84588e-08
90240 4.64468e-08
90368 6.66607e-08
90496 6.73296e-08
90624 5.91535e-08
90752 5.19979e-08
90880 5.79212e-08
91008 6.39811e-08
91136 6.32616e-08
91264 5.9123e-08
91392 6.09877e-08
91520 5.02153e-08
91648 5.48201e-08
91776 5.63395e-08
91904 4.16486e-08
92032 5.58101e-08
92160 5.06998e-08
92288 5.13358e-08
92416 4.98087e-08
92544 5.54853e-08
92672 5.89981e-08
92800 5.28255e-08
92928 5.49167e-08
93056 5.31745e-08
93184 5.71452e-08
93312 5.15086e-08
93440 5.98245e-08
93568 5.56839e-08
93696 5.68495e-08
93824 4.7307e-08
93952 5.52376e-08
94080 5.93769e-08
94208 5.066e-08
94336 5.17912e-08
94464 6.32494e-08
94592 6.16014e-08
94720 5.02904e-08
94848 6.88511e-08
94976 5.3941e-08
95104 5.78137e-08
95232 8.34193e-08
95360 8.41979e-08
95488 5.79843e-08
95616 4.07274e-08
95744 4.74659e-08
95872 5.32435e-08
96000 4.27208e-08
96128 5.03814e-08
96256 4.45763e-08
96384 6.40198e-08
96512 7.69238e-08
96640 5.61506e-08
96768 4.74695e-08
96896 3.65656e-08
97024 4.32916e-08
97152 4.40675e-08
97280 5.47615e-08
97408 4.40726e-08
97536 3.97802e-08
97664 3.69467e-08
97792 4.40127e-08
97920 6.0666e-08
98048 5.05463e-08
98176 4.31785e-08
98304 3.37707e-08
98432 5.10214e-08
98560 7.68839e-08
98688 4.33589e-08
98816 4.29384e-08
98944 3.60525e-08
99072 3.81875e-08
99200 4.38253e-08
99328 4.70412e-08
99456 4.62588e-08
99584 4.56366e-08
99712 3.62065e-08
99840 3.32248e-08
99968 4.08471e-08
100096 3.98692e-08
100224 3.7954e-08
100352 3.68892e-08
100480 4.05616e-08
100608 4.59005e-08
100736 4.22751e-08
100864 3.43948e-08
100992 4.1024e-08
101120 3.53778e-08
101248 3.57746e-08
101376 3.18438e-08
101504 3.32679e-08
101632 3.84431e-08
101760 4.24967e-08
101888 3.63996e-08
102016 3.40768e-08
102144 4.18831e-08
102272 3.76875e-08
102400 5.07736e-08
