0 0.000131804
0.5 2.94371e-07
1 1.53602e-07
1.5 9.66666e-08
2 8.85224e-08
2.5 5.68056e-08
3 5.98379e-08
3.5 5.43042e-08
4 5.37449e-08
4.5 5.46741e-08
5 3.56956e-08
5.5 4.74319e-08
6 2.93277e-08
6.5 4.62038e-08
7 2.9235e-08
7.5 2.66224e-08
8 3.20431e-08
8.5 2.61115e-08
9 2.89803e-08
9.5 3.37675e-08
10 2.13918e-08
10.5 2.28205e-08
11 2.49347e-08
11.5 3.37129e-08
12 3.13193e-08
12.5 2.04879e-08
13 2.32835e-08
13.5 2.24371e-08
14 2.15137e-08
14.5 1.84375e-08
15 2.7426e-08
15.5 1.72189e-08
16 2.43738e-08
16.5 3.26156e-08
17 3.38939e-08
17.5 2.23669e-08
18 2.71034e-08
18.5 2.05318e-08
19 2.54216e-08
19.5 1.91289e-08
20 2.79228e-08
20.5 1.15745e-08
21 1.90192e-08
21.5 1.51005e-08
22 2.20558e-08
22.5 2.19128e-08
23 2.86627e-08
23.5 2.34991e-08
24 2.82601e-08
24.5 1.60601e-08
25 2.99216e-08
25.5 1.35847e-08
26 1.53801e-08
26.5 2.92971e-08
27 3.28949e-08
27.5 1.72224e-08
28 2.07539e-08
28.5 2.06301e-08
29 2.26247e-08
29.5 2.04934e-08
30 1.66767e-08
30.5 2.58804e-08
31 2.47939e-08
31.5 2.39356e-08
32 2.59692e-08
32.5 2.5033e-08
33 2.60425e-08
33.5 3.13343e-08
34 2.52755e-08
34.5 2.32047e-08
35 3.2812e-08
35.5 1.72709e-08
36 2.36051e-08
36.5 2.38243e-08
37 1.92702e-08
37.5 2.78879e-08
38 2.52349e-08
38.5 1.41854e-08
39 1.97189e-08
39.5 2.37574e-08
40 3.03038e-08
40.5 2.04552e-08
41 2.65386e-08
41.5 2.45352e-08
42 2.51218e-08
42.5 2.03558e-08
43 2.04673e-08
43.5 2.14136e-08
44 3.17504e-08
44.5 1.5293e-08
45 1.22819e-08
45.5 1.88137e-08
46 2.50815e-08
46.5 2.47889e-08
47 2.37527e-08
47.5 2.39043e-08
48 1.50983e-08
48.5 2.11052e-08
49 1.85795e-08
49.5 2.80946e-08
50 1.61762e-08
50.5 1.58453e-08
51 2.03587e-08
51.5 1.71646e-08
52 2.04471e-08
52.5 1.78686e-08
53 2.35435e-08
53.5 2.36049e-08
54 1.87089e-08
54.5 2.87726e-08
55 3.14344e-08
55.5 3.19008e-08
56 1.4118e-08
56.5 1.86922e-08
57 2.55496e-08
57.5 3.15296e-08
58 1.53217e-08
58.5 2.02606e-08
59 2.5584e-08
59.5 2.24267e-08
60 1.21169e-07
60.5 1.94034e-08
61 2.14088e-08
61.5 2.39438e-08
62 2.96593e-08
62.5 1.78279e-08
63 3.05787e-08
63.5 2.28045e-08
64 2.27868e-08
64.5 2.4133e-08
65 1.94973e-08
65.5 3.09636e-08
66 2.24929e-08
66.5 2.06011e-08
67 2.09391e-08
67.5 1.42647e-08
68 1.56883e-08
68.5 2.4187e-08
69 2.63649e-08
69.5 1.65131e-08
70 1.45401e-08
70.5 3.60219e-08
71 2.11248e-08
71.5 2.39105e-08
72 2.39317e-08
72.5 2.64824e-08
73 1.73837e-08
73.5 2.15649e-08
74 2.69593e-08
74.5 1.86861e-08
75 2.09827e-08
75.5 2.36949e-08
76 2.88768e-08
76.5 2.01848e-08
77 1.8977e-08
77.5 2.58121e-08
78 1.5114e-08
78.5 1.81811e-08
79 1.54837e-08
79.5 1.94801e-08
80 1.72257e-08
80.5 2.25037e-08
81 1.21392e-08
81.5 1.40542e-08
82 1.90862e-08
82.5 1.99875e-08
83 2.37435e-08
83.5 1.78805e-08
84 1.82554e-08
84.5 2.23753e-08
85 1.42451e-08
85.5 3.32869e-08
86 2.1011e-08
86.5 2.44996e-08
87 2.48962e-08
87.5 1.38153e-08
88 1.57539e-08
88.5 2.88905e-08
89 2.04396e-08
89.5 2.29141e-08
90 1.49621e-08
90.5 2.24225e-08
91 1.4256e-08
91.5 1.67535e-08
92 3.09102e-08
92.5 2.25226e-08
93 1.5546e-08
93.5 3.16621e-08
94 2.74089e-08
94.5 2.76896e-08
95 2.49377e-08
95.5 2.71129e-08
96 1.98209e-08
96.5 1.67757e-08
97 2.79409e-08
97.5 1.49661e-08
98 2.19427e-08
98.5 1.73781e-08
99 2.45905e-08
99.5 2.10363e-08
100 1.88346e-08
100.5 1.93497e-08
101 2.59283e-08
101.5 3.26382e-08
102 2.67241e-08
102.5 1.21825e-08
103 1.69957e-08
103.5 1.89935e-08
104 1.81134e-08
104.5 2.02313e-08
105 1.33234e-08
105.5 2.56424e-08
106 1.74658e-08
106.5 1.43794e-08
107 2.56926e-08
107.5 2.04628e-08
108 1.93897e-08
108.5 1.51691e-08
109 1.77184e-08
109.5 1.57255e-08
110 2.0461e-08
110.5 2.32956e-08
111 2.90265e-08
111.5 2.61946e-08
112 1.44844e-08
112.5 1.39105e-08
113 2.64623e-08
113.5 2.41522e-08
114 2.41379e-08
114.5 1.31523e-08
115 1.71226e-08
115.5 2.07843e-08
116 1.82568e-08
116.5 2.61869e-08
117 1.54409e-08
117.5 2.12739e-08
118 1.49883e-08
118.5 2.43194e-08
119 2.85517e-08
119.5 1.91377e-08
120 3.09861e-08
120.5 1.61172e-08
121 2.10179e-08
121.5 2.82926e-08
122 2.26915e-08
122.5 2.40887e-08
123 2.69427e-08
123.5 1.78023e-08
124 1.61604e-08
124.5 2.47879e-08
125 2.00067e-08
125.5 2.32911e-08
126 1.98681e-08
126.5 3.00669e-08
127 1.49284e-08
127.5 2.30794e-08
128 2.20624e-08
128.5 2.36646e-08
129 1.57423e-08
129.5 2.23198e-08
130 2.66568e-08
130.5 1.91808e-08
131 1.28299e-08
131.5 1.87899e-08
132 1.82852e-08
132.5 2.1346e-08
133 2.39463e-08
133.5 3.00949e-08
134 2.58419e-08
134.5 2.07017e-08
135 2.21678e-08
135.5 2.29473e-08
136 1.76767e-08
136.5 1.75542e-08
137 2.27332e-08
137.5 2.52277e-08
138 1.75061e-08
138.5 3.01621e-08
139 1.56781e-08
139.5 1.3213e-08
140 1.70803e-08
140.5 2.29234e-08
141 2.56813e-08
141.5 1.39633e-08
142 1.73623e-08
142.5 1.87369e-08
143 1.97059e-08
143.5 2.45971e-08
144 1.47443e-08
144.5 1.93008e-08
145 2.2665e-08
145.5 1.64415e-08
146 1.93463e-08
146.5 2.01022e-08
147 1.79493e-08
147.5 2.91161e-08
148 2.71339e-08
148.5 2.74275e-08
149 2.14809e-08
149.5 2.88152e-08
150 2.72792e-08
150.5 3.18405e-08
151 2.58506e-08
151.5 2.19486e-08
152 2.21455e-08
152.5 1.75133e-08
153 1.71646e-08
153.5 2.32843e-08
154 2.12305e-08
154.5 2.03657e-08
155 2.15331e-08
155.5 2.75545e-08
156 1.95915e-08
156.5 2.33907e-08
157 2.26102e-08
157.5 2.04007e-08
158 1.83462e-08
158.5 2.14423e-08
159 2.80174e-08
159.5 1.18145e-08
160 1.72741e-08
160.5 1.12078e-08
161 2.34468e-08
161.5 2.23224e-08
162 1.10576e-08
162.5 2.01834e-08
163 2.29786e-08
163.5 1.72608e-08
164 2.84384e-08
164.5 2.40578e-08
165 2.06211e-08
165.5 1.5004e-08
166 1.81339e-08
166.5 2.37147e-08
167 2.07846e-08
167.5 1.74163e-08
168 3.15488e-08
168.5 1.98427e-08
169 2.60369e-08
169.5 2.71059e-08
170 2.99976e-08
170.5 1.95211e-08
171 2.98075e-08
171.5 2.0455e-08
172 1.75329e-08
172.5 3.15908e-08
173 2.61292e-08
173.5 1.99884e-08
174 1.66535e-08
174.5 1.67792e-08
175 1.61745e-08
175.5 2.42041e-08
176 1.82612e-08
176.5 1.7825e-08
177 2.22708e-08
177.5 1.83138e-08
178 1.60943e-08
178.5 1.68834e-08
179 2.74519e-08
179.5 2.15003e-08
180 6.0392e-08
180.5 1.9543e-08
181 2.63505e-08
181.5 2.49148e-08
182 2.13057e-08
182.5 1.59532e-08
183 2.57325e-08
183.5 1.97469e-08
184 1.95929e-08
184.5 2.46202e-08
185 1.95133e-08
185.5 1.49993e-08
186 3.21058e-08
186.5 1.4789e-08
187 2.57544e-08
187.5 2.4018e-08
188 1.58092e-08
188.5 2.19316e-08
189 2.6013e-08
189.5 1.89432e-08
190 2.46066e-08
190.5 2.3833e-08
191 2.39028e-08
191.5 3.39175e-08
192 2.46265e-08
192.5 2.03049e-08
193 1.64689e-08
193.5 1.98922e-08
194 2.25229e-08
194.5 1.81008e-08
195 2.91954e-08
195.5 2.35083e-08
196 2.30992e-08
196.5 1.7636e-08
197 1.77601e-08
197.5 2.50889e-08
198 1.43943e-08
198.5 1.97028e-08
199 2.50921e-08
199.5 2.51248e-08
200 1.73268e-08
200.5 1.41491e-08
201 1.83969e-08
201.5 2.37988e-08
202 2.22989e-08
202.5 1.74155e-08
203 2.52253e-08
203.5 2.55745e-08
204 1.83616e-08
204.5 3.21349e-08
205 1.99936e-08
205.5 1.77883e-08
206 1.81909e-08
206.5 2.43697e-08
207 2.32104e-08
207.5 3.05827e-08
208 1.72849e-08
208.5 2.17025e-08
209 2.93189e-08
209.5 2.17188e-08
210 1.5525e-08
210.5 2.46719e-08
211 2.37018e-08
211.5 2.45594e-08
212 2.29547e-08
212.5 2.37797e-08
213 2.30698e-08
213.5 2.08464e-08
214 2.24381e-08
214.5 1.84726e-08
215 1.71695e-08
215.5 2.09557e-08
216 2.63993e-08
216.5 2.67575e-08
217 2.60473e-08
217.5 2.18741e-08
218 2.03198e-08
218.5 1.49553e-08
219 2.97211e-08
219.5 2.11681e-08
220 1.46216e-08
220.5 2.43706e-08
221 2.30784e-08
221.5 3.04684e-08
222 2.23057e-08
222.5 2.71946e-08
223 1.7473e-08
223.5 1.78291e-08
224 2.24566e-08
224.5 2.47373e-08
225 2.7598e-08
225.5 1.68504e-08
226 2.85243e-08
226.5 2.27478e-08
227 3.24815e-08
227.5 1.34701e-08
228 1.95631e-08
228.5 2.02119e-08
229 1.76628e-08
229.5 1.81065e-08
230 2.10661e-08
230.5 1.55224e-08
231 2.09442e-08
231.5 1.52413e-08
232 1.05929e-08
232.5 1.72902e-08
233 3.35344e-08
233.5 2.12228e-08
234 2.08934e-08
234.5 2.82054e-08
235 2.34218e-08
235.5 1.58058e-08
236 2.62064e-08
236.5 2.44529e-08
237 3.09365e-08
237.5 2.14062e-08
238 2.08604e-08
238.5 2.05799e-08
239 2.16102e-08
239.5 2.2454e-08
240 2.82769e-08
240.5 2.34829e-08
241 2.26976e-08
241.5 1.70746e-08
242 2.02653e-08
242.5 2.86204e-08
243 2.09581e-08
243.5 1.97916e-08
244 1.27681e-08
244.5 1.89113e-08
245 2.27507e-08
245.5 2.2051e-08
246 1.4957e-08
246.5 2.07223e-08
247 2.28461e-08
247.5 2.35741e-08
248 2.31005e-08
248.5 1.56819e-08
249 2.35813e-08
249.5 2.11234e-08
250 1.90492e-08
250.5 2.5341e-08
251 2.53502e-08
251.5 1.65453e-08
252 1.47805e-08
252.5 2.48101e-08
253 2.77252e-08
253.5 1.78339e-08
254 1.82107e-08
254.5 1.86156e-08
255 2.53406e-08
255.5 2.32457e-08
256 1.36323e-08
256.5 3.51127e-08
257 9.97574e-09
257.5 1.84874e-08
258 2.48449e-08
258.5 2.57402e-08
259 2.37663e-08
259.5 1.87815e-08
260 2.05843e-08
260.5 2.27441e-08
261 2.59329e-08
261.5 2.38852e-08
262 1.91998e-08
262.5 2.56108e-08
263 2.16848e-08
263.5 1.57299e-08
264 1.90635e-08
264.5 2.05881e-08
265 1.19849e-08
265.5 1.93771e-08
266 2.33918e-08
266.5 1.89478e-08
267 2.61074e-08
267.5 2.63766e-08
268 2.43013e-08
268.5 1.28654e-08
269 2.21333e-08
269.5 1.79015e-08
270 1.85188e-08
270.5 2.41989e-08
271 1.91067e-08
271.5 2.07754e-08
272 1.83743e-08
272.5 2.12479e-08
273 1.36307e-08
273.5 2.45389e-08
274 1.78382e-08
274.5 2.21302e-08
275 2.31034e-08
275.5 2.32293e-08
276 2.00684e-08
276.5 2.02309e-08
277 1.99451e-08
277.5 1.49463e-08
278 1.71357e-08
278.5 1.84391e-08
279 1.96529e-08
279.5 2.88367e-08
280 2.70886e-08
280.5 1.86159e-08
281 2.02377e-08
281.5 1.47196e-08
282 1.32037e-08
282.5 2.25421e-08
283 1.58931e-08
283.5 2.22395e-08
284 3.13862e-08
284.5 2.37924e-08
285 1.416e-08
285.5 2.82806e-08
286 1.62886e-08
286.5 2.15601e-08
287 3.24811e-08
287.5 1.55015e-08
288 2.27787e-08
288.5 1.42857e-08
289 2.21982e-08
289.5 1.53405e-08
290 1.86041e-08
290.5 2.33085e-08
291 2.15228e-08
291.5 2.09349e-08
292 2.1671e-08
292.5 2.53979e-08
293 2.40176e-08
293.5 2.53966e-08
294 2.29315e-08
294.5 2.37537e-08
295 1.62347e-08
295.5 2.23695e-08
296 1.87194e-08
296.5 1.41409e-08
297 2.06709e-08
297.5 2.8551e-08
298 2.04746e-08
298.5 2.78852e-08
299 1.33036e-08
299.5 2.17724e-08
300 3.00189e-08
300.5 1.85644e-08
301 2.33905e-08
301.5 2.08493e-08
302 2.06768e-08
302.5 2.63557e-08
303 2.19363e-08
303.5 1.78731e-08
304 2.28475e-08
304.5 2.06447e-08
305 2.46719e-08
305.5 2.34627e-08
306 1.97584e-08
306.5 1.17762e-08
307 2.64471e-08
307.5 2.4625e-08
308 2.2248e-08
308.5 1.59289e-08
309 1.97167e-08
309.5 2.42251e-08
310 2.22394e-08
310.5 1.8281e-08
311 2.01919e-08
311.5 2.43529e-08
312 1.89244e-08
312.5 1.61285e-08
313 2.14296e-08
313.5 2.18045e-08
314 1.57208e-08
314.5 2.37855e-08
315 1.93254e-08
315.5 1.71377e-08
316 2.18336e-08
316.5 2.73259e-08
317 2.55796e-08
317.5 1.81137e-08
318 2.13225e-08
318.5 1.8761e-08
319 1.50018e-08
319.5 2.52174e-08
320 2.67515e-08
320.5 1.81468e-08
321 1.79615e-08
321.5 2.52004e-08
322 1.9811e-08
322.5 1.90198e-08
323 2.40792e-08
323.5 1.6828e-08
324 1.79854e-08
324.5 1.94073e-08
325 2.1413e-08
325.5 2.14861e-08
326 1.89836e-08
326.5 2.37742e-08
327 2.2567e-08
327.5 1.83497e-08
328 2.60801e-08
328.5 3.46426e-08
329 1.75053e-08
329.5 1.924e-08
330 1.7403e-08
330.5 2.42488e-08
331 2.48397e-08
331.5 2.52098e-08
332 1.80441e-08
332.5 2.34122e-08
333 1.57389e-08
333.5 2.58923e-08
334 1.3702e-08
334.5 2.07219e-08
335 1.26056e-08
335.5 2.25045e-08
336 1.38573e-08
336.5 1.84968e-08
337 2.41256e-08
337.5 2.96009e-08
338 1.61223e-08
338.5 1.61976e-08
339 1.97491e-08
339.5 2.58097e-08
340 2.1813e-08
340.5 1.65034e-08
341 1.93411e-08
341.5 1.93808e-08
342 2.16666e-08
342.5 2.74056e-08
343 1.64798e-08
343.5 1.90164e-08
344 2.78607e-08
344.5 1.74549e-08
345 1.51649e-08
345.5 2.42907e-08
346 1.56401e-08
346.5 2.06255e-08
347 2.36864e-08
347.5 2.15262e-08
348 2.48194e-08
348.5 2.59521e-08
349 2.14044e-08
349.5 1.83418e-08
350 2.00294e-08
350.5 1.81216e-08
351 1.8712e-08
351.5 2.07459e-08
352 2.38924e-08
352.5 1.99741e-08
353 2.38193e-08
353.5 1.50673e-08
354 2.06468e-08
354.5 1.78099e-08
355 2.21175e-08
355.5 2.68565e-08
356 2.45567e-08
356.5 1.55322e-08
357 2.96306e-08
357.5 1.30277e-08
358 2.62314e-08
358.5 2.0202e-08
359 1.84249e-08
359.5 1.43038e-08
360 2.38647e-08
360.5 1.99734e-08
361 1.3549e-08
361.5 1.60399e-08
362 3.30796e-08
362.5 2.61096e-08
363 2.69196e-08
363.5 2.11631e-08
364 2.03719e-08
364.5 1.38828e-08
365 1.75429e-08
365.5 2.35223e-08
366 2.07294e-08
366.5 3.20387e-08
367 2.27852e-08
367.5 1.45988e-08
368 1.63503e-08
368.5 2.19492e-08
369 2.01197e-08
369.5 1.20485e-08
370 1.41107e-08
370.5 3.12561e-08
371 2.27872e-08
371.5 1.8364e-08
372 2.15301e-08
372.5 2.29363e-08
373 2.01316e-08
373.5 2.24424e-08
374 2.53092e-08
374.5 2.16117e-08
375 1.50549e-08
375.5 2.45479e-08
376 1.90217e-08
376.5 1.42434e-08
377 1.48331e-08
377.5 1.92719e-08
378 2.12938e-08
378.5 3.43529e-08
379 1.76053e-08
379.5 2.09776e-08
380 1.73794e-08
380.5 2.53554e-08
381 1.58137e-08
381.5 1.78358e-08
382 1.54636e-08
382.5 2.32748e-08
383 2.13316e-08
383.5 1.46446e-08
384 1.68621e-08
384.5 1.60696e-08
385 1.98782e-08
385.5 2.49561e-08
386 2.81397e-08
386.5 2.68726e-08
387 2.0022e-08
387.5 9.19399e-09
388 2.13211e-08
388.5 1.93824e-08
389 1.85621e-08
389.5 2.0575e-08
390 2.92886e-08
390.5 2.86513e-08
391 1.86709e-08
391.5 2.49761e-08
392 1.94085e-08
392.5 2.32669e-08
393 2.33521e-08
393.5 2.07182e-08
394 1.87051e-08
394.5 2.23878e-08
395 1.66227e-08
395.5 1.59646e-08
396 2.09093e-08
396.5 1.87525e-08
397 2.53296e-08
397.5 2.17278e-08
398 1.88756e-08
398.5 1.676e-08
399 3.66863e-08
399.5 2.20436e-08
400 2.09603e-08
401 2.49928e-08
402 2.51193e-08
403 2.76873e-08
404 2.53027e-08
405 1.95767e-08
406 2.10851e-08
407 1.35901e-08
408 1.74673e-08
409 1.19811e-08
410 2.12202e-08
411 2.31815e-08
412 1.26674e-08
413 2.16682e-08
414 2.53844e-08
415 2.27951e-08
416 2.44294e-08
417 2.35714e-08
418 2.52573e-08
419 2.12027e-08
420 2.40347e-08
421 2.34785e-08
422 2.22426e-08
423 2.18366e-08
424 2.38535e-08
425 2.38197e-08
426 1.86896e-08
427 2.73106e-08
428 2.87675e-08
429 2.50777e-08
430 2.0704e-08
431 2.0103e-08
432 2.02147e-08
433 2.86052e-08
434 2.20074e-08
435 1.63454e-08
436 2.10158e-08
437 2.02857e-08
438 2.52564e-08
439 2.2934e-08
440 1.75922e-08
441 2.70239e-08
442 3.34732e-08
443 1.68726e-08
444 3.07181e-08
445 1.91092e-08
446 1.54105e-08
447 2.15628e-08
448 2.12645e-08
449 1.43234e-08
450 1.83259e-08
451 1.89178e-08
452 2.24015e-08
453 2.76745e-08
454 2.79618e-08
455 2.72094e-08
456 2.68239e-08
457 1.65911e-08
458 1.81418e-08
459 1.88148e-08
460 3.11736e-08
461 2.43299e-08
462 1.87875e-08
463 2.76214e-08
464 2.20183e-08
465 2.21564e-08
466 3.10114e-08
467 2.15379e-08
468 2.41502e-08
469 2.07373e-08
470 2.01286e-08
471 1.9436e-08
472 1.60242e-08
473 2.08835e-08
474 1.91052e-08
475 2.46983e-08
476 1.82907e-08
477 1.53518e-08
478 1.81524e-08
479 3.20726e-08
480 1.1521e-08
481 2.20605e-08
482 1.56915e-08
483 2.02256e-08
484 2.47348e-08
485 1.67633e-08
486 2.39013e-08
487 1.66743e-08
488 2.80283e-08
489 2.42914e-08
490 1.78049e-08
491 1.64214e-08
492 1.45103e-08
493 2.79826e-08
494 1.42243e-08
495 2.4479e-08
496 3.16322e-08
497 1.65808e-08
498 2.13684e-08
499 1.60424e-08
500 2.70846e-08
501 2.11307e-08
502 3.23405e-08
503 2.34474e-08
504 2.41698e-08
505 1.70592e-08
506 1.95062e-08
507 1.56683e-08
508 2.73328e-08
509 1.88766e-08
510 2.11492e-08
511 2.50308e-08
512 2.40983e-08
513 1.52973e-08
514 2.94553e-08
515 2.1503e-08
516 1.90876e-08
517 2.09753e-08
518 1.57317e-08
519 2.65445e-08
520 2.0383e-08
521 1.78275e-08
522 2.10229e-08
523 1.78012e-08
524 1.9175e-08
525 1.54974e-08
526 1.28097e-08
527 2.63289e-08
528 1.61348e-08
529 1.98838e-08
530 2.48465e-08
531 2.03192e-08
532 2.17335e-08
533 2.05263e-08
534 2.49086e-08
535 2.52942e-08
536 2.23718e-08
537 2.15764e-08
538 2.3622e-08
539 2.48165e-08
540 1.70453e-08
541 1.92047e-08
542 2.20377e-08
543 2.60263e-08
544 1.61157e-08
545 1.41052e-08
546 1.95055e-08
547 3.10783e-08
548 2.22895e-08
549 2.13033e-08
550 2.8113e-08
551 2.70371e-08
552 2.10673e-08
553 1.53644e-08
554 2.48924e-08
555 2.21546e-08
556 1.55546e-08
557 2.47696e-08
558 1.83442e-08
559 2.50075e-08
560 1.91183e-08
561 1.83186e-08
562 1.96297e-08
563 2.16262e-08
564 1.89916e-08
565 2.0732e-08
566 2.63592e-08
567 1.87149e-08
568 1.6967e-08
569 1.42277e-08
570 1.58085e-08
571 1.99365e-08
572 2.62601e-08
573 2.44033e-08
574 2.51553e-08
575 2.49363e-08
576 2.9467e-08
577 2.33422e-08
578 2.20725e-08
579 1.6384e-08
580 1.99161e-08
581 1.57546e-08
582 1.24837e-08
583 1.88828e-08
584 1.72626e-08
585 2.16636e-08
586 2.69373e-08
587 2.03475e-08
588 3.33552e-08
589 2.00528e-08
590 3.12514e-08
591 2.16173e-08
592 1.89466e-08
593 1.51911e-08
594 2.69512e-08
595 1.83175e-08
596 2.66199e-08
597 2.13349e-08
598 2.45628e-08
599 2.65917e-08
600 1.88614e-08
601 2.42344e-08
602 1.90334e-08
603 2.05494e-08
604 2.87628e-08
605 1.68102e-08
606 1.39533e-08
607 3.32947e-08
608 2.07733e-08
609 2.32053e-08
610 2.17515e-08
611 1.84329e-08
612 1.92485e-08
613 2.98945e-08
614 2.84113e-08
615 2.26267e-08
616 2.81772e-08
617 2.10408e-08
618 2.16738e-08
619 2.30164e-08
620 1.07839e-08
621 2.35639e-08
622 2.1285e-08
623 2.13256e-08
624 2.27453e-08
625 2.46493e-08
626 1.68082e-08
627 2.23624e-08
628 2.6315e-08
629 1.1471e-08
630 2.60107e-08
631 2.4336e-08
632 3.34968e-08
633 2.19664e-08
634 2.20016e-08
635 9.58812e-09
636 2.24018e-08
637 2.37705e-08
638 2.12478e-08
639 1.69003e-08
640 2.37709e-08
641 1.88801e-08
642 2.05637e-08
643 2.21283e-08
644 1.96963e-08
645 1.65751e-08
646 2.91517e-08
647 2.6115e-08
648 1.97435e-08
649 2.4054e-08
650 1.26459e-08
651 2.109e-08
652 2.12143e-08
653 1.82886e-08
654 1.91941e-08
655 2.31982e-08
656 2.24805e-08
657 2.07261e-08
658 1.91102e-08
659 1.79156e-08
660 1.66404e-08
661 1.87649e-08
662 2.3644e-08
663 2.07446e-08
664 2.00297e-08
665 1.21744e-08
666 2.19849e-08
667 1.93072e-08
668 1.65434e-08
669 2.9161e-08
670 1.40153e-08
671 2.23418e-08
672 1.84629e-08
673 2.1397e-08
674 1.73015e-08
675 1.46906e-08
676 2.13874e-08
677 1.78443e-08
678 1.51011e-08
679 1.58597e-08
680 1.83737e-08
681 2.0315e-08
682 2.18323e-08
683 1.41878e-08
684 1.99845e-08
685 2.50625e-08
686 2.74343e-08
687 3.16387e-08
688 2.15309e-08
689 1.64476e-08
690 3.02868e-08
691 2.3066e-08
692 2.43117e-08
693 2.00963e-08
694 2.72434e-08
695 2.6598e-08
696 2.50137e-08
697 2.81741e-08
698 2.44009e-08
699 2.34655e-08
700 2.74015e-08
701 2.63067e-08
702 2.32743e-08
703 1.78906e-08
704 2.20499e-08
705 2.53512e-08
706 1.50022e-08
707 2.43467e-08
708 2.02512e-08
709 1.7439e-08
710 2.58407e-08
711 1.49512e-08
712 2.86579e-08
713 2.55174e-08
714 1.90666e-08
715 2.26777e-08
716 2.45605e-08
717 2.03673e-08
718 2.07357e-08
719 2.63096e-08
720 2.6368e-08
721 1.98235e-08
722 1.6138e-08
723 1.63364e-08
724 1.33755e-08
725 1.66695e-08
726 2.12759e-08
727 1.6467e-08
728 1.71802e-08
729 1.91061e-08
730 2.60363e-08
731 1.81134e-08
732 2.13143e-08
733 1.98092e-08
734 2.36448e-08
735 2.57724e-08
736 2.00288e-08
737 1.32286e-08
738 1.73892e-08
739 1.93566e-08
740 2.58566e-08
741 1.63416e-08
742 2.89433e-08
743 2.24904e-08
744 2.18e-08
745 2.39245e-08
746 2.71071e-08
747 2.11031e-08
748 2.55453e-08
749 1.9306e-08
750 2.00581e-08
751 1.60628e-08
752 1.91907e-08
753 2.21013e-08
754 2.60436e-08
755 1.95288e-08
756 3.68798e-08
757 1.44034e-08
758 2.23364e-08
759 2.39835e-08
760 1.47611e-08
761 2.07631e-08
762 2.92022e-08
763 1.83503e-08
764 1.73228e-08
765 2.41166e-08
766 2.24693e-08
767 1.80179e-08
768 2.32285e-08
769 2.1779e-08
770 1.45019e-08
771 2.13322e-08
772 2.00941e-08
773 1.64652e-08
774 2.42244e-08
775 2.61899e-08
776 2.32826e-08
777 1.85552e-08
778 2.50159e-08
779 1.90923e-08
780 2.27038e-08
781 2.12152e-08
782 1.92015e-08
783 1.57865e-08
784 2.00388e-08
785 1.89404e-08
786 2.16594e-08
787 1.98578e-08
788 1.25857e-08
789 2.86627e-08
790 2.09866e-08
791 2.2352e-08
792 2.16105e-08
793 2.99911e-08
794 1.97459e-08
795 2.08677e-08
796 1.66524e-08
797 2.50927e-08
798 2.54302e-08
799 9.96457e-09
800 1.96905e-08
804 2.22263e-08
808 2.0049e-08
812 1.74209e-08
816 2.83775e-08
820 2.25855e-08
824 2.3881e-08
828 1.79258e-08
832 2.32926e-08
836 2.65191e-08
840 2.21118e-08
844 2.28937e-08
848 2.43975e-08
852 2.9974e-08
856 2.30698e-08
860 1.79177e-08
864 1.93523e-08
868 3.0305e-08
872 1.88507e-08
876 2.17699e-08
880 2.37565e-08
884 1.97225e-08
888 2.54357e-08
892 1.81541e-08
896 2.01231e-08
900 2.16079e-08
904 2.43464e-08
908 2.50964e-08
912 2.8923e-08
916 2.05616e-08
920 1.83546e-08
924 2.03205e-08
928 2.53385e-08
932 2.26525e-08
936 1.76572e-08
940 2.1447e-08
944 2.17406e-08
948 2.36827e-08
952 2.41528e-08
956 2.24045e-08
960 2.36692e-08
964 1.88703e-08
968 2.58311e-08
972 2.28913e-08
976 2.4178e-08
980 2.36114e-08
984 2.39032e-08
988 1.75498e-08
992 2.18223e-08
996 2.45668e-08
1000 2.00627e-08
1004 1.66973e-08
1008 2.62145e-08
1012 2.04309e-08
1016 1.99096e-08
1020 1.9767e-08
1024 1.61613e-08
1028 1.78832e-08
1032 1.93238e-08
1036 2.00361e-08
1040 2.07992e-08
1044 2.1745e-08
1048 3.19238e-08
1052 1.94054e-08
1056 1.77179e-08
1060 2.51635e-08
1064 2.18123e-08
1068 1.65768e-08
1072 1.93302e-08
1076 2.32653e-08
1080 1.99451e-08
1084 1.95639e-08
1088 2.31402e-08
1092 2.96101e-08
1096 2.49982e-08
1100 1.725e-08
1104 1.91333e-08
1108 2.69073e-08
1112 1.9219e-08
1116 2.77569e-08
1120 2.3887e-08
1124 2.82091e-08
1128 1.99139e-08
1132 1.99254e-08
1136 1.77688e-08
1140 1.3604e-08
1144 2.51166e-08
1148 1.83107e-08
1152 2.22628e-08
1156 1.41519e-08
1160 1.73513e-08
1164 2.07266e-08
1168 1.87398e-08
1172 2.52015e-08
1176 2.27343e-08
1180 2.04759e-08
1184 1.27878e-08
1188 1.71805e-08
1192 1.92675e-08
1196 2.2186e-08
1200 2.653e-08
1204 1.87223e-08
1208 3.06525e-08
1212 2.6137e-08
1216 1.7759e-08
1220 1.89443e-08
1224 1.38865e-08
1228 2.22309e-08
1232 1.77257e-08
1236 1.7085e-08
1240 1.75539e-08
1244 1.82105e-08
1248 1.8443e-08
1252 2.51657e-08
1256 2.80043e-08
1260 2.10325e-08
1264 2.29416e-08
1268 2.01198e-08
1272 2.38338e-08
1276 2.60266e-08
1280 1.6635e-08
1284 2.75755e-08
1288 1.81646e-08
1292 3.05227e-08
1296 1.63404e-08
1300 2.47903e-08
1304 2.43889e-08
1308 2.41389e-08
1312 2.11799e-08
1316 1.71977e-08
1320 2.32891e-08
1324 2.77459e-08
1328 2.36263e-08
1332 1.75592e-08
1336 2.47042e-08
1340 2.6014e-08
1344 2.60884e-08
1348 2.67192e-08
1352 2.20973e-08
1356 2.71663e-08
1360 2.07963e-08
1364 1.73976e-08
1368 2.14811e-08
1372 2.61659e-08
1376 1.71613e-08
1380 1.34422e-08
1384 1.63062e-08
1388 2.33429e-08
1392 2.75268e-08
1396 2.32443e-08
1400 2.5386e-08
1404 2.36052e-08
1408 2.18985e-08
1412 2.16909e-08
1416 2.46629e-08
1420 2.06306e-08
1424 3.10585e-08
1428 2.04584e-08
1432 2.26048e-08
1436 2.24879e-08
1440 1.35706e-08
1444 1.32746e-08
1448 1.68944e-08
1452 1.98685e-08
1456 2.58727e-08
1460 2.21587e-08
1464 2.9434e-08
1468 2.3946e-08
1472 2.11006e-08
1476 1.80345e-08
1480 1.81858e-08
1484 2.51844e-08
1488 2.39059e-08
1492 2.51894e-08
1496 2.74858e-08
1500 2.35225e-08
1504 2.1774e-08
1508 2.21012e-08
1512 2.34613e-08
1516 2.20286e-08
1520 2.63115e-08
1524 1.69748e-08
1528 2.43054e-08
1532 2.50532e-08
1536 2.20955e-08
1540 1.16902e-08
1544 2.35996e-08
1548 1.84732e-08
1552 2.76313e-08
1556 1.9566e-08
1560 2.27488e-08
1564 2.60153e-08
1568 2.60497e-08
1572 2.33675e-08
1576 2.49272e-08
1580 2.19063e-08
1584 2.37678e-08
1588 1.33295e-08
1592 1.86603e-08
1596 1.98034e-08
1600 2.72986e-08
1604 2.56446e-08
1608 1.65925e-08
1612 2.15843e-08
1616 1.80713e-08
1620 1.78165e-08
1624 1.85464e-08
1628 2.04434e-08
1632 2.71856e-08
1636 2.57422e-08
1640 2.18017e-08
1644 2.23174e-08
1648 2.23733e-08
1652 2.1347e-08
1656 2.40583e-08
1660 2.28431e-08
1664 2.5991e-08
1668 2.50641e-08
1672 1.98801e-08
1676 2.20893e-08
1680 2.49854e-08
1684 2.25841e-08
1688 1.89747e-08
1692 1.96257e-08
1696 2.29408e-08
1700 2.38223e-08
1704 1.40947e-08
1708 2.20998e-08
1712 2.36576e-08
1716 2.5127e-08
1720 2.52156e-08
1724 1.96076e-08
1728 1.83371e-08
1732 3.03013e-08
1736 1.7494e-08
1740 2.47521e-08
1744 2.45654e-08
1748 2.1908e-08
1752 1.75097e-08
1756 2.08406e-08
1760 2.75658e-08
1764 2.20637e-08
1768 2.35928e-08
1772 1.85684e-08
1776 1.56447e-08
1780 2.9547e-08
1784 1.77117e-08
1788 1.80479e-08
1792 2.21776e-08
1796 2.71592e-08
1800 2.55327e-08
1804 2.13986e-08
1808 2.36662e-08
1812 2.31579e-08
1816 2.77424e-08
1820 1.23627e-08
1824 2.31051e-08
1828 2.45512e-08
1832 2.48141e-08
1836 2.54918e-08
1840 2.13577e-08
1844 1.98378e-08
1848 2.0803e-08
1852 2.17412e-08
1856 1.56697e-08
1860 2.60545e-08
1864 2.35983e-08
1868 3.06266e-08
1872 2.06179e-08
1876 1.7792e-08
1880 1.48338e-08
1884 3.1698e-08
1888 2.37639e-08
1892 2.79703e-08
1896 1.77235e-08
1900 2.12813e-08
1904 2.5095e-08
1908 1.8511e-08
1912 2.25293e-08
1916 2.00646e-08
1920 1.98482e-08
1924 1.7839e-08
1928 2.11818e-08
1932 2.23694e-08
1936 2.33661e-08
1940 3.0929e-08
1944 2.24229e-08
1948 2.54012e-08
1952 2.03112e-08
1956 2.2095e-08
1960 2.00418e-08
1964 2.00882e-08
1968 2.68565e-08
1972 2.05818e-08
1976 1.89318e-08
1980 2.2734e-08
1984 1.76953e-08
1988 2.32402e-08
1992 2.67002e-08
1996 1.89791e-08
2000 2.02904e-08
2004 2.24079e-08
2008 2.01439e-08
2012 2.02091e-08
2016 1.71703e-08
2020 2.00146e-08
2024 1.98833e-08
2028 2.1351e-08
2032 2.02832e-08
2036 2.17511e-08
2040 2.41474e-08
2044 1.66975e-08
2048 1.85178e-08
2052 2.58042e-08
2056 2.66229e-08
2060 2.17926e-08
2064 2.49564e-08
2068 2.43582e-08
2072 2.17827e-08
2076 1.90487e-08
2080 2.38849e-08
2084 1.99418e-08
2088 1.7554e-08
2092 1.76887e-08
2096 1.79921e-08
2100 2.03158e-08
2104 2.5447e-08
2108 2.21312e-08
2112 2.49929e-08
2116 1.71829e-08
2120 2.10749e-08
2124 1.89449e-08
2128 2.38198e-08
2132 2.42199e-08
2136 1.96422e-08
2140 2.02169e-08
2144 2.00916e-08
2148 2.16055e-08
2152 1.84221e-08
2156 1.95752e-08
2160 2.01387e-08
2164 1.63626e-08
2168 2.45801e-08
2172 2.45252e-08
2176 2.82373e-08
2180 2.32724e-08
2184 1.6484e-08
2188 1.71089e-08
2192 2.14124e-08
2196 2.36311e-08
2200 2.4923e-08
2204 2.3e-08
2208 2.20721e-08
2212 1.57019e-08
2216 1.97793e-08
2220 2.21149e-08
2224 1.10358e-08
2228 2.32828e-08
2232 2.42677e-08
2236 2.81351e-08
2240 2.66489e-08
2244 2.055e-08
2248 2.4128e-08
2252 2.16251e-08
2256 2.05336e-08
2260 2.82296e-08
2264 1.47604e-08
2268 2.21827e-08
2272 1.88211e-08
2276 1.69674e-08
2280 2.01219e-08
2284 2.11087e-08
2288 2.45077e-08
2292 1.98045e-08
2296 2.41543e-08
2300 2.10355e-08
2304 1.87876e-08
2308 1.98699e-08
2312 2.51046e-08
2316 3.4754e-08
2320 2.06505e-08
2324 1.88066e-08
2328 2.0689e-08
2332 1.72007e-08
2336 1.51754e-08
2340 2.03978e-08
2344 2.07403e-08
2348 2.56452e-08
2352 1.97542e-08
2356 2.10899e-08
2360 1.62341e-08
2364 1.77763e-08
2368 2.91628e-08
2372 2.29701e-08
2376 2.1806e-08
2380 2.11349e-08
2384 1.89823e-08
2388 3.01084e-08
2392 2.03371e-08
2396 1.96632e-08
2400 2.11624e-08
2404 1.36747e-08
2408 2.03446e-08
2412 1.76402e-08
2416 1.71208e-08
2420 2.10049e-08
2424 2.63692e-08
2428 1.40369e-08
2432 2.23372e-08
2436 1.79928e-08
2440 2.00145e-08
2444 2.16499e-08
2448 1.94679e-08
2452 2.30691e-08
2456 2.20968e-08
2460 1.87835e-08
2464 2.12164e-08
2468 2.30047e-08
2472 2.59848e-08
2476 2.52782e-08
2480 2.65483e-08
2484 1.98613e-08
2488 2.02878e-08
2492 2.31521e-08
2496 1.71927e-08
2500 2.54962e-08
2504 2.45304e-08
2508 1.79054e-08
2512 1.85127e-08
2516 1.72197e-08
2520 1.69479e-08
2524 1.4381e-08
2528 2.97966e-08
2532 2.05564e-08
2536 1.92639e-08
2540 2.81169e-08
2544 1.71582e-08
2548 1.72802e-08
2552 2.78829e-08
2556 2.11435e-08
2560 1.83046e-08
2564 2.72588e-08
2568 2.19569e-08
2572 2.05133e-08
2576 2.07535e-08
2580 2.3512e-08
2584 1.88674e-08
2588 2.43119e-08
2592 1.78668e-08
2596 2.04189e-08
2600 2.12789e-08
2604 2.10651e-08
2608 2.47681e-08
2612 1.87158e-08
2616 2.36971e-08
2620 2.13193e-08
2624 1.6693e-08
2628 2.36022e-08
2632 2.47489e-08
2636 2.6994e-08
2640 2.67339e-08
2644 1.63364e-08
2648 2.43778e-08
2652 3.09116e-08
2656 1.74645e-08
2660 1.14988e-08
2664 1.92312e-08
2668 2.46648e-08
2672 2.44719e-08
2676 1.9177e-08
2680 2.77694e-08
2684 2.6306e-08
2688 1.56408e-08
2692 2.09721e-08
2696 2.20242e-08
2700 1.90295e-08
2704 2.28364e-08
2708 2.98419e-08
2712 2.51809e-08
2716 2.21517e-08
2720 2.19588e-08
2724 2.27988e-08
2728 1.70952e-08
2732 1.76512e-08
2736 2.19141e-08
2740 1.93428e-08
2744 1.9722e-08
2748 2.47975e-08
2752 2.72775e-08
2756 2.26027e-08
2760 1.85519e-08
2764 2.13476e-08
2768 2.2539e-08
2772 1.59889e-08
2776 2.38667e-08
2780 2.1167e-08
2784 2.75439e-08
2788 2.56421e-08
2792 2.06791e-08
2796 1.84836e-08
2800 1.8907e-08
2804 2.55768e-08
2808 2.43065e-08
2812 2.36892e-08
2816 2.14984e-08
2820 1.62613e-08
2824 2.47601e-08
2828 2.41353e-08
2832 1.86477e-08
2836 1.85544e-08
2840 1.99914e-08
2844 2.25045e-08
2848 1.67392e-08
2852 2.49853e-08
2856 1.93941e-08
2860 1.56457e-08
2864 1.40376e-08
2868 2.36046e-08
2872 1.85044e-08
2876 1.76747e-08
2880 1.97179e-08
2884 1.50858e-08
2888 2.41893e-08
2892 2.45928e-08
2896 2.28507e-08
2900 2.22215e-08
2904 2.35448e-08
2908 1.97331e-08
2912 1.82205e-08
2916 2.45572e-08
2920 2.87371e-08
2924 2.4213e-08
2928 2.20796e-08
2932 1.94715e-08
2936 2.35843e-08
2940 2.21368e-08
2944 1.73726e-08
2948 1.84807e-08
2952 2.0259e-08
2956 1.6642e-08
2960 2.3804e-08
2964 1.62381e-08
2968 2.04217e-08
2972 2.80438e-08
2976 1.9894e-08
2980 1.59147e-08
2984 2.91357e-08
2988 1.54175e-08
2992 2.02762e-08
2996 1.90967e-08
3000 2.4154e-08
3004 3.25708e-08
3008 1.69395e-08
3012 2.26808e-08
3016 2.23644e-08
3020 3.608e-08
3024 2.36907e-08
3028 2.13633e-08
3032 2.20064e-08
3036 1.88519e-08
3040 2.60775e-08
3044 2.07082e-08
3048 3.05082e-08
3052 2.46968e-08
3056 2.00559e-08
3060 2.23619e-08
3064 1.86161e-08
3068 3.04688e-08
3072 2.53699e-08
3076 2.2527e-08
3080 1.86179e-08
3084 2.14969e-08
3088 1.9594e-08
3092 2.21188e-08
3096 2.68808e-08
3100 1.94313e-08
3104 2.17131e-08
3108 1.74914e-08
3112 2.51358e-08
3116 1.98243e-08
3120 1.75272e-08
3124 2.05862e-08
3128 2.1786e-08
3132 2.08876e-08
3136 1.71577e-08
3140 2.23614e-08
3144 1.66278e-08
3148 1.59302e-08
3152 2.29132e-08
3156 1.82345e-08
3160 2.24581e-08
3164 2.53647e-08
3168 2.29714e-08
3172 2.35725e-08
3176 2.33568e-08
3180 2.06352e-08
3184 2.76987e-08
3188 2.03954e-08
3192 2.09687e-08
3196 2.13439e-08
3200 1.849e-08
3208 2.65701e-08
3216 1.82913e-08
3224 2.1468e-08
3232 2.38383e-08
3240 2.28832e-08
3248 2.19153e-08
3256 2.71969e-08
3264 2.23285e-08
3272 2.34841e-08
3280 1.93061e-08
3288 2.39782e-08
3296 2.18184e-08
3304 2.34797e-08
3312 1.95446e-08
3320 2.39214e-08
3328 2.62365e-08
3336 3.06562e-08
3344 1.79157e-08
3352 2.05165e-08
3360 2.89384e-08
3368 2.48873e-08
3376 2.15484e-08
3384 1.73468e-08
3392 2.28057e-08
3400 2.46284e-08
3408 2.3986e-08
3416 2.41374e-08
3424 1.97417e-08
3432 2.42868e-08
3440 2.43903e-08
3448 1.6906e-08
3456 1.81574e-08
3464 2.28178e-08
3472 2.28498e-08
3480 2.18463e-08
3488 3.07873e-08
3496 2.24252e-08
3504 2.33477e-08
3512 1.78385e-08
3520 2.2619e-08
3528 1.81768e-08
3536 2.584e-08
3544 2.32504e-08
3552 2.65866e-08
3560 2.2709e-08
3568 2.15336e-08
3576 1.99975e-08
3584 1.75434e-08
3592 2.43514e-08
3600 1.85015e-08
3608 2.07392e-08
3616 2.45422e-08
3624 2.12812e-08
3632 1.6946e-08
3640 1.93771e-08
3648 2.06983e-08
3656 2.27825e-08
3664 2.14953e-08
3672 2.03892e-08
3680 2.19403e-08
3688 1.91459e-08
3696 1.86869e-08
3704 2.17222e-08
3712 1.6674e-08
3720 2.37539e-08
3728 1.78118e-08
3736 2.43717e-08
3744 2.41664e-08
3752 2.71688e-08
3760 2.09056e-08
3768 2.89983e-08
3776 2.59765e-08
3784 2.08573e-08
3792 2.21014e-08
3800 2.23364e-08
3808 2.24494e-08
3816 2.23431e-08
3824 2.17054e-08
3832 2.21268e-08
3840 2.50318e-08
3848 2.47541e-08
3856 2.68614e-08
3864 2.24747e-08
3872 2.6964e-08
3880 2.21658e-08
3888 2.45604e-08
3896 2.19454e-08
3904 2.29354e-08
3912 2.33273e-08
3920 2.29372e-08
3928 2.02555e-08
3936 1.95887e-08
3944 2.39478e-08
3952 2.34765e-08
3960 2.1421e-08
3968 1.69421e-08
3976 1.73659e-08
3984 1.60908e-08
3992 1.92101e-08
4000 2.21636e-08
4008 2.16413e-08
4016 2.58585e-08
4024 1.9555e-08
4032 2.13448e-08
4040 2.61519e-08
4048 2.46246e-08
4056 2.37827e-08
4064 2.12381e-08
4072 2.36868e-08
4080 2.04858e-08
4088 2.44189e-08
4096 2.14949e-08
4104 2.51881e-08
4112 2.51367e-08
4120 1.75015e-08
4128 1.85944e-08
4136 2.20188e-08
4144 2.50246e-08
4152 2.51965e-08
4160 2.15041e-08
4168 2.36724e-08
4176 2.89698e-08
4184 2.12957e-08
4192 2.67639e-08
4200 2.21185e-08
4208 2.08028e-08
4216 2.32459e-08
4224 2.15537e-08
4232 2.48067e-08
4240 2.05208e-08
4248 2.3569e-08
4256 2.40647e-08
4264 1.75891e-08
4272 2.14327e-08
4280 2.22121e-08
4288 2.42446e-08
4296 2.00147e-08
4304 2.77166e-08
4312 2.06854e-08
4320 2.00944e-08
4328 2.34233e-08
4336 2.24205e-08
4344 2.36589e-08
4352 2.4019e-08
4360 2.05462e-08
4368 2.27191e-08
4376 2.06819e-08
4384 2.14837e-08
4392 2.4504e-08
4400 2.07671e-08
4408 2.32348e-08
4416 2.5465e-08
4424 2.03774e-08
4432 1.96359e-08
4440 1.9285e-08
4448 1.93369e-08
4456 2.68609e-08
4464 2.21595e-08
4472 2.02149e-08
4480 2.25103e-08
4488 1.76141e-08
4496 2.41152e-08
4504 2.48221e-08
4512 2.28869e-08
4520 2.15257e-08
4528 2.39401e-08
4536 1.92799e-08
4544 2.05983e-08
4552 1.55291e-08
4560 2.44215e-08
4568 1.90296e-08
4576 2.15751e-08
4584 1.98584e-08
4592 2.42939e-08
4600 2.01355e-08
4608 2.44354e-08
4616 2.36665e-08
4624 2.14042e-08
4632 2.51817e-08
4640 1.9466e-08
4648 2.10466e-08
4656 2.09844e-08
4664 1.91656e-08
4672 2.33981e-08
4680 2.28682e-08
4688 2.23244e-08
4696 2.55927e-08
4704 2.404e-08
4712 2.48302e-08
4720 1.853e-08
4728 2.33174e-08
4736 3.02975e-08
4744 1.92846e-08
4752 2.47434e-08
4760 2.42539e-08
4768 2.15043e-08
4776 2.3127e-08
4784 1.86105e-08
4792 2.49548e-08
4800 1.73375e-08
4808 2.12966e-08
4816 1.96239e-08
4824 2.78125e-08
4832 2.44619e-08
4840 2.84125e-08
4848 2.18986e-08
4856 2.36765e-08
4864 2.19099e-08
4872 2.21199e-08
4880 2.07054e-08
4888 2.78458e-08
4896 1.64025e-08
4904 1.99317e-08
4912 1.91077e-08
4920 2.26031e-08
4928 1.78287e-08
4936 2.61619e-08
4944 2.01333e-08
4952 2.28949e-08
4960 2.39992e-08
4968 1.78646e-08
4976 2.23906e-08
4984 2.1246e-08
4992 2.68303e-08
5000 2.63802e-08
5008 2.4513e-08
5016 1.87879e-08
5024 2.43886e-08
5032 2.8555e-08
5040 2.61266e-08
5048 2.31275e-08
5056 2.24436e-08
5064 1.82584e-08
5072 2.01559e-08
5080 2.18842e-08
5088 1.76753e-08
5096 2.5631e-08
5104 2.58486e-08
5112 1.99121e-08
5120 2.09489e-08
5128 2.35322e-08
5136 1.99009e-08
5144 2.21779e-08
5152 2.15367e-08
5160 2.54686e-08
5168 2.36486e-08
5176 1.43156e-08
5184 2.13039e-08
5192 2.45017e-08
5200 2.48285e-08
5208 2.22429e-08
5216 2.19989e-08
5224 2.05634e-08
5232 2.86849e-08
5240 2.17885e-08
5248 1.97902e-08
5256 1.96199e-08
5264 1.92472e-08
5272 2.38896e-08
5280 2.56696e-08
5288 1.92948e-08
5296 2.01732e-08
5304 1.85571e-08
5312 2.51602e-08
5320 2.64324e-08
5328 2.12083e-08
5336 2.26858e-08
5344 2.61461e-08
5352 2.85728e-08
5360 2.05181e-08
5368 2.47955e-08
5376 1.79939e-08
5384 2.44792e-08
5392 2.17379e-08
5400 2.34777e-08
5408 1.95991e-08
5416 1.8588e-08
5424 1.81159e-08
5432 2.42364e-08
5440 2.21065e-08
5448 1.76204e-08
5456 2.20703e-08
5464 2.48634e-08
5472 2.34031e-08
5480 1.83458e-08
5488 2.49952e-08
5496 1.82917e-08
5504 2.26314e-08
5512 2.72464e-08
5520 2.01209e-08
5528 2.58003e-08
5536 2.7436e-08
5544 2.54274e-08
5552 2.21387e-08
5560 2.25372e-08
5568 2.7044e-08
5576 2.56501e-08
5584 1.72788e-08
5592 1.84136e-08
5600 2.80525e-08
5608 2.08973e-08
5616 2.03947e-08
5624 2.35943e-08
5632 1.98223e-08
5640 1.90047e-08
5648 2.148e-08
5656 1.49624e-08
5664 2.21398e-08
5672 2.63734e-08
5680 1.94135e-08
5688 2.12957e-08
5696 2.43357e-08
5704 2.08051e-08
5712 2.89033e-08
5720 1.84965e-08
5728 2.43494e-08
5736 2.68787e-08
5744 2.21748e-08
5752 2.91809e-08
5760 2.44204e-08
5768 1.97481e-08
5776 2.33193e-08
5784 2.30616e-08
5792 2.40176e-08
5800 2.63166e-08
5808 3.03088e-08
5816 2.28909e-08
5824 1.95368e-08
5832 2.2964e-08
5840 2.79213e-08
5848 2.60094e-08
5856 1.9244e-08
5864 2.09089e-08
5872 1.97936e-08
5880 2.64065e-08
5888 3.37007e-08
5896 2.06101e-08
5904 2.40585e-08
5912 2.4342e-08
5920 1.99975e-08
5928 2.36579e-08
5936 2.14809e-08
5944 2.30435e-08
5952 1.88989e-08
5960 2.5702e-08
5968 2.65057e-08
5976 2.38896e-08
5984 1.96804e-08
5992 2.41554e-08
6000 2.63326e-08
6008 2.36601e-08
6016 1.77992e-08
6024 2.55009e-08
6032 1.89358e-08
6040 2.73828e-08
6048 2.88233e-08
6056 1.81504e-08
6064 2.98563e-08
6072 1.91178e-08
6080 2.30697e-08
6088 2.24232e-08
6096 2.33667e-08
6104 1.93573e-08
6112 2.66914e-08
6120 1.94353e-08
6128 2.20902e-08
6136 2.62002e-08
6144 2.04652e-08
6152 2.08943e-08
6160 2.45004e-08
6168 2.19739e-08
6176 2.07004e-08
6184 2.41381e-08
6192 2.38342e-08
6200 2.46295e-08
6208 2.19104e-08
6216 2.15197e-08
6224 1.89792e-08
6232 2.08799e-08
6240 2.26407e-08
6248 2.32354e-08
6256 2.09573e-08
6264 2.59132e-08
6272 2.34534e-08
6280 2.46758e-08
6288 2.65347e-08
6296 2.10122e-08
6304 2.91865e-08
6312 2.57947e-08
6320 2.34682e-08
6328 1.83737e-08
6336 2.14557e-08
6344 2.31862e-08
6352 2.07478e-08
6360 2.05597e-08
6368 2.15319e-08
6376 2.12572e-08
6384 2.37638e-08
6392 2.04922e-08
6400 2.10523e-08
6416 2.7251e-08
6432 2.54467e-08
6448 3.01545e-08
6464 2.19972e-08
6480 2.50303e-08
6496 2.14591e-08
6512 2.6482e-08
6528 2.49617e-08
6544 2.51825e-08
6560 1.99007e-08
6576 1.88404e-08
6592 2.41879e-08
6608 1.85005e-08
6624 2.38373e-08
6640 2.35403e-08
6656 2.50642e-08
6672 2.0502e-08
6688 2.0936e-08
6704 2.61442e-08
6720 2.42196e-08
6736 1.81476e-08
6752 1.87579e-08
6768 2.26775e-08
6784 2.11932e-08
6800 2.29592e-08
6816 2.72477e-08
6832 2.2407e-08
6848 2.08225e-08
6864 1.73391e-08
6880 1.84309e-08
6896 2.51027e-08
6912 1.7209e-08
6928 2.86217e-08
6944 2.78307e-08
6960 2.06618e-08
6976 2.77867e-08
6992 1.80536e-08
7008 2.09822e-08
7024 2.56277e-08
7040 2.56325e-08
7056 2.01947e-08
7072 2.45867e-08
7088 2.50723e-08
7104 2.47769e-08
7120 2.68598e-08
7136 2.34633e-08
7152 2.7958e-08
7168 2.06849e-08
7184 2.28321e-08
7200 2.34553e-08
7216 1.98158e-08
7232 2.2252e-08
7248 2.33572e-08
7264 1.93358e-08
7280 2.41529e-08
7296 2.6936e-08
7312 2.11236e-08
7328 2.06048e-08
7344 1.95144e-08
7360 2.72345e-08
7376 2.16148e-08
7392 2.30126e-08
7408 2.39645e-08
7424 2.42442e-08
7440 2.33911e-08
7456 2.05947e-08
7472 2.03312e-08
7488 2.88142e-08
7504 2.1176e-08
7520 2.11117e-08
7536 2.45712e-08
7552 2.21052e-08
7568 2.04435e-08
7584 2.68187e-08
7600 2.6069e-08
7616 1.8419e-08
7632 2.42018e-08
7648 2.45283e-08
7664 1.86911e-08
7680 2.68168e-08
7696 2.3277e-08
7712 2.18717e-08
7728 2.17824e-08
7744 2.39345e-08
7760 2.38236e-08
7776 2.33991e-08
7792 2.26333e-08
7808 2.51582e-08
7824 2.5965e-08
7840 2.49712e-08
7856 2.13675e-08
7872 2.37027e-08
7888 1.93728e-08
7904 2.17328e-08
7920 2.84193e-08
7936 2.26017e-08
7952 2.61447e-08
7968 2.34356e-08
7984 1.7977e-08
8000 2.5796e-08
8016 2.19614e-08
8032 2.60245e-08
8048 2.1356e-08
8064 2.54653e-08
8080 2.42372e-08
8096 2.25765e-08
8112 2.01635e-08
8128 2.36664e-08
8144 1.90704e-08
8160 2.7054e-08
8176 2.29945e-08
8192 2.27426e-08
8208 2.55485e-08
8224 2.29066e-08
8240 1.96813e-08
8256 2.57e-08
8272 2.34037e-08
8288 2.20969e-08
8304 2.45816e-08
8320 1.91391e-08
8336 2.4878e-08
8352 2.67925e-08
8368 2.23893e-08
8384 2.03231e-08
8400 1.80747e-08
8416 2.24589e-08
8432 1.74482e-08
8448 2.00121e-08
8464 2.52848e-08
8480 2.33571e-08
8496 2.13305e-08
8512 2.34229e-08
8528 2.4972e-08
8544 2.23736e-08
8560 2.27854e-08
8576 2.3088e-08
8592 2.38836e-08
8608 2.27769e-08
8624 1.9914e-08
8640 2.28688e-08
8656 2.5472e-08
8672 2.19506e-08
8688 2.12809e-08
8704 2.24403e-08
8720 2.65978e-08
8736 2.03794e-08
8752 2.0837e-08
8768 1.81905e-08
8784 2.10279e-08
8800 2.21494e-08
8816 2.08622e-08
8832 2.0601e-08
8848 2.56868e-08
8864 2.32108e-08
8880 2.22949e-08
8896 2.32138e-08
8912 2.27193e-08
8928 2.41463e-08
8944 2.22884e-08
8960 2.34316e-08
8976 2.44798e-08
8992 2.20196e-08
9008 2.35755e-08
9024 1.90398e-08
9040 2.24256e-08
9056 2.45136e-08
9072 2.53145e-08
9088 2.25367e-08
9104 2.28683e-08
9120 1.85391e-08
9136 2.13989e-08
9152 2.11202e-08
9168 2.8289e-08
9184 2.49685e-08
9200 2.21761e-08
9216 2.58893e-08
9232 2.13271e-08
9248 2.14779e-08
9264 2.3565e-08
9280 2.48031e-08
9296 2.88205e-08
9312 2.20311e-08
9328 2.31947e-08
9344 2.66735e-08
9360 2.56507e-08
9376 2.13437e-08
9392 2.15417e-08
9408 2.5375e-08
9424 2.31938e-08
9440 2.8397e-08
9456 2.8829e-08
9472 3.14365e-08
9488 2.09341e-08
9504 2.40608e-08
9520 2.24159e-08
9536 2.3609e-08
9552 2.99245e-08
9568 2.16704e-08
9584 2.12395e-08
9600 2.73513e-08
9616 2.6906e-08
9632 2.30104e-08
9648 2.37443e-08
9664 2.73615e-08
9680 2.07539e-08
9696 2.12723e-08
9712 2.01401e-08
9728 1.92579e-08
9744 2.13291e-08
9760 2.13372e-08
9776 2.66375e-08
9792 2.50617e-08
9808 2.28495e-08
9824 2.59653e-08
9840 2.00884e-08
9856 2.12908e-08
9872 2.33606e-08
9888 2.5049e-08
9904 2.94133e-08
9920 2.5972e-08
9936 2.79453e-08
9952 2.78747e-08
9968 2.35338e-08
9984 2.63925e-08
10000 1.96093e-08
10016 2.41575e-08
10032 2.23599e-08
10048 2.57825e-08
10064 1.92292e-08
10080 1.93714e-08
10096 1.95731e-08
10112 2.19211e-08
10128 2.30912e-08
10144 2.70185e-08
10160 2.34868e-08
10176 2.7187e-08
10192 2.41164e-08
10208 2.68488e-08
10224 1.80325e-08
10240 2.43497e-08
10256 2.32814e-08
10272 1.89082e-08
10288 2.61822e-08
10304 2.37876e-08
10320 2.35601e-08
10336 2.13615e-08
10352 2.00165e-08
10368 2.01623e-08
10384 3.02268e-08
10400 2.19967e-08
10416 2.78512e-08
10432 1.95578e-08
10448 2.71567e-08
10464 2.86105e-08
10480 1.90517e-08
10496 2.24076e-08
10512 2.31789e-08
10528 2.06735e-08
10544 2.18268e-08
10560 2.11882e-08
10576 2.61663e-08
10592 2.27744e-08
10608 1.87781e-08
10624 2.37477e-08
10640 2.21976e-08
10656 2.4642e-08
10672 2.39502e-08
10688 1.92233e-08
10704 2.35535e-08
10720 2.73232e-08
10736 2.00907e-08
10752 2.2836e-08
10768 2.20745e-08
10784 2.47148e-08
10800 2.32322e-08
10816 2.4963e-08
10832 2.57518e-08
10848 2.12875e-08
10864 3.0681e-08
10880 2.11988e-08
10896 2.5342e-08
10912 2.25889e-08
10928 2.67657e-08
10944 2.6013e-08
10960 2.69515e-08
10976 2.80923e-08
10992 2.35991e-08
11008 1.88347e-08
11024 2.56083e-08
11040 2.72285e-08
11056 1.94093e-08
11072 2.44781e-08
11088 1.8991e-08
11104 2.50795e-08
11120 2.49729e-08
11136 2.02285e-08
11152 1.89632e-08
11168 2.00804e-08
11184 2.31819e-08
11200 2.3279e-08
11216 2.44925e-08
11232 2.2921e-08
11248 2.589e-08
11264 2.41049e-08
11280 2.25783e-08
11296 2.13491e-08
11312 1.84879e-08
11328 2.49592e-08
11344 2.5254e-08
11360 2.20207e-08
11376 2.71203e-08
11392 2.17978e-08
11408 2.44815e-08
11424 2.48667e-08
11440 2.58845e-08
11456 2.72935e-08
11472 2.46363e-08
11488 2.702e-08
11504 2.68253e-08
11520 1.95014e-08
11536 2.31011e-08
11552 2.08173e-08
11568 2.30216e-08
11584 2.11105e-08
11600 2.32509e-08
11616 2.5444e-08
11632 2.19343e-08
11648 2.28945e-08
11664 2.22257e-08
11680 2.48796e-08
11696 2.43611e-08
11712 2.31774e-08
11728 2.14943e-08
11744 3.12847e-08
11760 2.40587e-08
11776 2.0513e-08
11792 2.77153e-08
11808 2.18921e-08
11824 2.09893e-08
11840 2.34028e-08
11856 2.24172e-08
11872 2.81588e-08
11888 2.43568e-08
11904 1.99769e-08
11920 2.52148e-08
11936 2.5286e-08
11952 2.04211e-08
11968 2.7804e-08
11984 2.41909e-08
12000 2.44759e-08
12016 2.86378e-08
12032 2.16562e-08
12048 2.6166e-08
12064 2.80725e-08
12080 2.25923e-08
12096 2.35926e-08
12112 2.75438e-08
12128 2.36224e-08
12144 2.57493e-08
12160 2.22486e-08
12176 2.4219e-08
12192 2.58837e-08
12208 2.96457e-08
12224 2.50663e-08
12240 2.76573e-08
12256 2.32736e-08
12272 2.35672e-08
12288 2.01731e-08
12304 2.56903e-08
12320 2.95268e-08
12336 1.93126e-08
12352 1.99273e-08
12368 2.62998e-08
12384 2.49102e-08
12400 2.0913e-08
12416 3.0796e-08
12432 2.06205e-08
12448 2.60155e-08
12464 2.39795e-08
12480 2.314e-08
12496 2.73453e-08
12512 2.61455e-08
12528 2.37274e-08
12544 2.31487e-08
12560 2.2711e-08
12576 2.68502e-08
12592 2.03672e-08
12608 2.15504e-08
12624 2.25249e-08
12640 1.89468e-08
12656 2.40593e-08
12672 2.96252e-08
12688 2.41748e-08
12704 2.5483e-08
12720 2.51632e-08
12736 2.48604e-08
12752 2.39491e-08
12768 2.24032e-08
12784 2.32279e-08
12800 2.2085e-08
12832 2.33946e-08
12864 2.2515e-08
12896 2.27713e-08
12928 2.35187e-08
12960 2.5913e-08
12992 2.4033e-08
13024 2.25219e-08
13056 2.60325e-08
13088 2.51334e-08
13120 2.75887e-08
13152 2.27437e-08
13184 1.80395e-08
13216 2.84457e-08
13248 2.58108e-08
13280 2.19376e-08
13312 2.09581e-08
13344 2.5024e-08
13376 2.29926e-08
13408 2.25164e-08
13440 2.68913e-08
13472 3.09264e-08
13504 2.26561e-08
13536 2.41896e-08
13568 2.08695e-08
13600 2.44404e-08
13632 2.29893e-08
13664 2.74175e-08
13696 2.77608e-08
13728 2.48057e-08
13760 2.16231e-08
13792 2.30291e-08
13824 2.10843e-08
13856 2.95136e-08
13888 3.01592e-08
13920 2.87766e-08
13952 2.68899e-08
13984 2.1055e-08
14016 2.51239e-08
14048 2.75867e-08
14080 2.22919e-08
14112 2.74571e-08
14144 2.03373e-08
14176 2.54141e-08
14208 2.53385e-08
14240 2.21492e-08
14272 2.71029e-08
14304 2.68941e-08
14336 2.68646e-08
14368 2.24985e-08
14400 2.63509e-08
14432 2.90852e-08
14464 2.63396e-08
14496 2.5036e-08
14528 2.55057e-08
14560 2.39715e-08
14592 2.07158e-08
14624 2.55784e-08
14656 2.81577e-08
14688 2.04612e-08
14720 2.68665e-08
14752 2.40572e-08
14784 2.34643e-08
14816 2.60954e-08
14848 2.53188e-08
14880 2.19122e-08
14912 2.40351e-08
14944 2.29465e-08
14976 2.16389e-08
15008 2.29099e-08
15040 2.25067e-08
15072 2.08246e-08
15104 2.14064e-08
15136 2.87425e-08
15168 2.59848e-08
15200 2.47747e-08
15232 2.81946e-08
15264 3.23146e-08
15296 1.94967e-08
15328 2.68989e-08
15360 2.12438e-08
15392 2.65996e-08
15424 2.46798e-08
15456 2.95947e-08
15488 2.35083e-08
15520 2.41334e-08
15552 2.37438e-08
15584 2.25767e-08
15616 2.33833e-08
15648 2.63049e-08
15680 2.81116e-08
15712 2.15238e-08
15744 3.20763e-08
15776 2.26748e-08
15808 2.55895e-08
15840 2.96564e-08
15872 2.57141e-08
15904 2.36603e-08
15936 2.19992e-08
15968 2.41493e-08
16000 2.25564e-08
16032 2.4969e-08
16064 2.18719e-08
16096 2.42621e-08
16128 2.31337e-08
16160 2.38032e-08
16192 2.52891e-08
16224 2.62805e-08
16256 2.65543e-08
16288 2.54799e-08
16320 2.19166e-08
16352 2.66282e-08
16384 2.98353e-08
16416 2.79864e-08
16448 2.35907e-08
16480 2.413e-08
16512 2.39036e-08
16544 2.47238e-08
16576 3.17053e-08
16608 2.78653e-08
16640 2.77566e-08
16672 2.77536e-08
16704 2.47022e-08
16736 2.2151e-08
16768 1.94285e-08
16800 2.00636e-08
16832 2.63321e-08
16864 2.60351e-08
16896 2.24515e-08
16928 2.77508e-08
16960 2.31949e-08
16992 2.82288e-08
17024 2.86889e-08
17056 2.85362e-08
17088 2.52078e-08
17120 2.62916e-08
17152 2.80762e-08
17184 2.84793e-08
17216 2.40605e-08
17248 2.75121e-08
17280 2.9361e-08
17312 2.52847e-08
17344 2.62526e-08
17376 2.03951e-08
17408 2.6385e-08
17440 2.92488e-08
17472 2.56745e-08
17504 2.54774e-08
17536 2.73152e-08
17568 1.97166e-08
17600 2.49856e-08
17632 2.35067e-08
17664 2.40459e-08
17696 2.25937e-08
17728 2.7367e-08
17760 2.59319e-08
17792 2.74829e-08
17824 2.02406e-08
17856 2.88781e-08
17888 2.30745e-08
17920 3.43845e-08
17952 2.71695e-08
17984 2.83845e-08
18016 2.83744e-08
18048 2.89339e-08
18080 2.76207e-08
18112 2.63265e-08
18144 2.00095e-08
18176 2.2073e-08
18208 2.8448e-08
18240 2.37865e-08
18272 2.09334e-08
18304 2.96212e-08
18336 2.36476e-08
18368 2.68195e-08
18400 2.26743e-08
18432 2.59959e-08
18464 2.55075e-08
18496 2.32041e-08
18528 3.25877e-08
18560 2.28908e-08
18592 2.58271e-08
18624 2.46176e-08
18656 2.73152e-08
18688 2.26036e-08
18720 2.40522e-08
18752 3.03262e-08
18784 2.54048e-08
18816 2.71824e-08
18848 2.32815e-08
18880 2.8452e-08
18912 2.91234e-08
18944 2.85148e-08
18976 2.25988e-08
19008 1.93532e-08
19040 3.20514e-08
19072 2.40704e-08
19104 2.46462e-08
19136 2.1827e-08
19168 2.41256e-08
19200 2.66058e-08
19232 2.98487e-08
19264 2.71624e-08
19296 2.19286e-08
19328 2.98339e-08
19360 2.05927e-08
19392 2.79537e-08
19424 3.2316e-08
19456 2.83403e-08
19488 3.05564e-08
19520 2.56556e-08
19552 2.16732e-08
19584 2.9816e-08
19616 2.54776e-08
19648 2.60355e-08
19680 2.94133e-08
19712 2.90075e-08
19744 2.83465e-08
19776 2.77624e-08
19808 2.68785e-08
19840 2.91756e-08
19872 2.56252e-08
19904 2.41479e-08
19936 2.70198e-08
19968 2.03714e-08
20000 2.46284e-08
20032 2.88462e-08
20064 2.22401e-08
20096 2.42112e-08
20128 2.40042e-08
20160 2.62135e-08
20192 2.36271e-08
20224 2.88116e-08
20256 2.78358e-08
20288 2.49517e-08
20320 2.74455e-08
20352 2.59153e-08
20384 2.64958e-08
20416 2.75354e-08
20448 2.68009e-08
20480 2.9057e-08
20512 2.6904e-08
20544 3.04312e-08
20576 3.02495e-08
20608 2.31434e-08
20640 2.66303e-08
20672 2.73355e-08
20704 2.54436e-08
20736 3.32146e-08
20768 2.9221e-08
20800 2.52252e-08
20832 1.99257e-08
20864 2.42824e-08
20896 2.71223e-08
20928 2.75952e-08
20960 2.70026e-08
20992 2.43621e-08
21024 2.36152e-08
21056 2.71218e-08
21088 3.07832e-08
21120 2.62091e-08
21152 2.80746e-08
21184 2.43644e-08
21216 2.16357e-08
21248 2.73079e-08
21280 2.80916e-08
21312 2.47162e-08
21344 2.40514e-08
21376 2.51247e-08
21408 2.79869e-08
21440 2.90039e-08
21472 2.80253e-08
21504 3.04676e-08
21536 2.92085e-08
21568 2.56047e-08
21600 3.04226e-08
21632 2.46045e-08
21664 2.90753e-08
21696 2.79585e-08
21728 2.54848e-08
21760 2.57961e-08
21792 2.6578e-08
21824 2.75579e-08
21856 2.54063e-08
21888 2.86127e-08
21920 2.51624e-08
21952 2.61845e-08
21984 2.61748e-08
22016 2.18515e-08
22048 2.84478e-08
22080 2.67847e-08
22112 2.96508e-08
22144 2.46625e-08
22176 2.47977e-08
22208 2.51168e-08
22240 2.46059e-08
22272 2.71798e-08
22304 2.15378e-08
22336 2.10605e-08
22368 2.40922e-08
22400 2.66346e-08
22432 2.2538e-08
22464 2.33736e-08
22496 2.33089e-08
22528 2.77962e-08
22560 2.44367e-08
22592 2.75264e-08
22624 2.32684e-08
22656 3.0011e-08
22688 2.33221e-08
22720 2.64674e-08
22752 2.71923e-08
22784 2.62186e-08
22816 2.04172e-08
22848 2.56211e-08
22880 2.90637e-08
22912 2.86072e-08
22944 2.25268e-08
22976 3.09529e-08
23008 2.38965e-08
23040 3.0054e-08
23072 2.89383e-08
23104 3.20026e-08
23136 2.52474e-08
23168 2.39395e-08
23200 2.54258e-08
23232 2.41514e-08
23264 3.08108e-08
23296 2.57403e-08
23328 2.79236e-08
23360 2.95951e-08
23392 2.38725e-08
23424 2.49414e-08
23456 2.53496e-08
23488 2.57132e-08
23520 2.80408e-08
23552 2.81833e-08
23584 2.56798e-08
23616 3.1509e-08
23648 2.66871e-08
23680 2.34685e-08
23712 2.56784e-08
23744 2.66401e-08
23776 2.62902e-08
23808 2.5464e-08
23840 2.38588e-08
23872 3.0235e-08
23904 2.04783e-08
23936 2.90761e-08
23968 2.69385e-08
24000 2.37591e-08
24032 2.16928e-08
24064 2.83279e-08
24096 2.79086e-08
24128 2.6942e-08
24160 2.74175e-08
24192 2.57963e-08
24224 2.43193e-08
24256 2.2807e-08
24288 3.08726e-08
24320 3.02548e-08
24352 2.61764e-08
24384 2.80744e-08
24416 2.84397e-08
24448 2.37047e-08
24480 2.9239e-08
24512 3.13787e-08
24544 2.21849e-08
24576 2.56674e-08
24608 2.74011e-08
24640 2.63261e-08
24672 3.12958e-08
24704 2.6522e-08
24736 2.59545e-08
24768 2.13951e-08
24800 2.99088e-08
24832 2.85378e-08
24864 2.16475e-08
24896 2.85653e-08
24928 3.13671e-08
24960 2.68849e-08
24992 2.28703e-08
25024 2.43125e-08
25056 2.53333e-08
25088 2.80994e-08
25120 3.24919e-08
25152 2.3051e-08
25184 2.39578e-08
25216 2.05602e-08
25248 2.90914e-08
25280 3.02491e-08
25312 3.00853e-08
25344 2.62925e-08
25376 2.62971e-08
25408 2.8256e-08
25440 2.97181e-08
25472 2.97361e-08
25504 2.30338e-08
25536 2.56644e-08
25568 3.27403e-08
25600 2.26935e-08
25664 2.87819e-08
25728 2.77218e-08
25792 2.87787e-08
25856 2.544e-08
25920 3.21329e-08
25984 3.11626e-08
26048 2.51555e-08
26112 3.24525e-08
26176 2.78592e-08
26240 2.20286e-08
26304 2.63927e-08
26368 2.61766e-08
26432 2.40987e-08
26496 3.19626e-08
26560 2.571e-08
26624 2.82431e-08
26688 2.00166e-08
26752 2.37139e-08
26816 2.76973e-08
26880 2.75681e-08
26944 2.77914e-08
27008 2.44886e-08
27072 2.7944e-08
27136 2.31496e-08
27200 2.6884e-08
27264 3.07291e-08
27328 2.83898e-08
27392 2.29239e-08
27456 2.86191e-08
27520 2.41916e-08
27584 2.77051e-08
27648 2.57582e-08
27712 2.38707e-08
27776 2.23974e-08
27840 2.75739e-08
27904 2.5197e-08
27968 2.90754e-08
28032 2.71926e-08
28096 2.80026e-08
28160 2.68506e-08
28224 2.61479e-08
28288 2.29565e-08
28352 2.63763e-08
28416 2.87237e-08
28480 2.5245e-08
28544 2.2864e-08
28608 2.73029e-08
28672 3.28741e-08
28736 2.39301e-08
28800 2.431e-08
28864 2.89917e-08
28928 2.55621e-08
28992 2.34125e-08
29056 2.41835e-08
29120 3.07935e-08
29184 3.15956e-08
29248 2.67579e-08
29312 2.32376e-08
29376 2.63233e-08
29440 2.25962e-08
29504 2.53749e-08
29568 2.77904e-08
29632 2.93094e-08
29696 2.36081e-08
29760 2.61029e-08
29824 2.83334e-08
29888 2.9399e-08
29952 2.89831e-08
30016 2.69768e-08
30080 2.81832e-08
30144 2.69108e-08
30208 2.54798e-08
30272 2.51353e-08
30336 2.28798e-08
30400 2.85229e-08
30464 2.6935e-08
30528 2.50676e-08
30592 2.99341e-08
30656 2.58801e-08
30720 3.02096e-08
30784 2.6062e-08
30848 2.84835e-08
30912 2.73748e-08
30976 3.27095e-08
31040 2.55426e-08
31104 2.83159e-08
31168 2.50278e-08
31232 2.28575e-08
31296 3.67417e-08
31360 2.53986e-08
31424 2.49523e-08
31488 2.43428e-08
31552 2.75382e-08
31616 2.53029e-08
31680 2.66112e-08
31744 3.08158e-08
31808 2.51516e-08
31872 2.31499e-08
31936 2.90509e-08
32000 2.88918e-08
32064 2.97225e-08
32128 2.68709e-08
32192 2.19291e-08
32256 2.31924e-08
32320 3.12146e-08
32384 2.73004e-08
32448 2.48441e-08
32512 2.61624e-08
32576 2.81794e-08
32640 2.6904e-08
32704 2.65629e-08
32768 2.44196e-08
32832 2.52961e-08
32896 2.86814e-08
32960 2.50545e-08
33024 2.68476e-08
33088 2.64406e-08
33152 2.37581e-08
33216 2.01792e-08
33280 3.56185e-08
33344 2.88955e-08
33408 2.69135e-08
33472 2.35925e-08
33536 2.72439e-08
33600 3.16416e-08
33664 2.61869e-08
33728 2.66815e-08
33792 2.45929e-08
33856 2.62105e-08
33920 2.86909e-08
33984 2.34006e-08
34048 2.41174e-08
34112 2.46341e-08
34176 2.66044e-08
34240 2.70585e-08
34304 2.84202e-08
34368 2.90965e-08
34432 2.37323e-08
34496 2.39095e-08
34560 3.12319e-08
34624 2.84773e-08
34688 2.60097e-08
34752 2.60761e-08
34816 2.96919e-08
34880 3.52206e-08
34944 2.26961e-08
35008 2.88752e-08
35072 2.6009e-08
35136 2.53555e-08
35200 1.90776e-08
35264 2.7673e-08
35328 3.1993e-08
35392 2.34468e-08
35456 2.80423e-08
35520 2.26512e-08
35584 2.94924e-08
35648 2.37033e-08
35712 2.75826e-08
35776 3.14398e-08
35840 2.53204e-08
35904 2.63704e-08
35968 2.30555e-08
36032 2.43459e-08
36096 2.7105e-08
36160 2.1867e-08
36224 2.51281e-08
36288 2.69768e-08
36352 2.50915e-08
36416 2.60463e-08
36480 2.45498e-08
36544 2.51987e-08
36608 2.64419e-08
36672 2.77949e-08
36736 2.44741e-08
36800 2.41439e-08
36864 2.27288e-08
36928 2.42031e-08
36992 2.67216e-08
37056 3.27984e-08
37120 3.28845e-08
37184 2.535e-08
37248 2.72285e-08
37312 2.10491e-08
37376 2.53859e-08
37440 2.76418e-08
37504 2.42259e-08
37568 2.71686e-08
37632 2.65591e-08
37696 2.2339e-08
37760 2.77807e-08
37824 2.62112e-08
37888 2.82555e-08
37952 2.79214e-08
38016 2.3692e-08
38080 2.87142e-08
38144 2.28841e-08
38208 2.82271e-08
38272 2.59993e-08
38336 2.61297e-08
38400 3.13041e-08
38464 2.77635e-08
38528 2.64785e-08
38592 2.41079e-08
38656 2.4824e-08
38720 2.63173e-08
38784 2.63124e-08
38848 2.7625e-08
38912 2.67815e-08
38976 2.65914e-08
39040 2.78296e-08
39104 2.60806e-08
39168 2.49644e-08
39232 2.03888e-08
39296 2.72215e-08
39360 2.94555e-08
39424 3.12126e-08
39488 2.71016e-08
39552 2.06061e-08
39616 2.47344e-08
39680 2.51547e-08
39744 2.67509e-08
39808 2.46651e-08
39872 2.54471e-08
39936 2.62604e-08
40000 2.6107e-08
40064 3.08665e-08
40128 2.77785e-08
40192 2.3843e-08
40256 2.27845e-08
40320 2.25863e-08
40384 1.841e-08
40448 2.39935e-08
40512 2.71546e-08
40576 3.05016e-08
40640 2.80404e-08
40704 2.70569e-08
40768 2.0106e-08
40832 2.1099e-08
40896 2.76016e-08
40960 2.43022e-08
41024 2.84029e-08
41088 2.95791e-08
41152 2.53693e-08
41216 2.99946e-08
41280 2.48825e-08
41344 2.75316e-08
41408 2.97109e-08
41472 2.40121e-08
41536 2.8423e-08
41600 2.35319e-08
41664 2.95495e-08
41728 2.12219e-08
41792 3.0363e-08
41856 2.07731e-08
41920 2.2711e-08
41984 2.11607e-08
42048 2.66526e-08
42112 3.2659e-08
42176 2.31325e-08
42240 1.78126e-08
42304 2.39371e-08
42368 2.54974e-08
42432 2.88621e-08
42496 2.7282e-08
42560 3.1221e-08
42624 2.91377e-08
42688 2.6715e-08
42752 2.20136e-08
42816 2.89876e-08
42880 3.1686e-08
42944 2.75822e-08
43008 2.65932e-08
43072 2.27502e-08
43136 2.16589e-08
43200 2.77254e-08
43264 2.44727e-08
43328 2.4105e-08
43392 3.61723e-08
43456 3.06458e-08
43520 2.20895e-08
43584 2.64745e-08
43648 2.98476e-08
43712 2.20962e-08
43776 2.63636e-08
43840 2.02906e-08
43904 3.39591e-08
43968 2.58726e-08
44032 2.75381e-08
44096 2.20843e-08
44160 2.48102e-08
44224 2.26481e-08
44288 2.2946e-08
44352 2.12745e-08
44416 2.68193e-08
44480 2.92759e-08
44544 2.29529e-08
44608 2.40904e-08
44672 2.49988e-08
44736 2.47582e-08
44800 2.3551e-08
44864 2.39965e-08
44928 2.32706e-08
44992 2.22583e-08
45056 2.31804e-08
45120 2.73616e-08
45184 2.48641e-08
45248 2.19911e-08
45312 2.83919e-08
45376 2.66501e-08
45440 2.62683e-08
45504 2.5783e-08
45568 2.83352e-08
45632 2.39275e-08
45696 2.39683e-08
45760 2.86465e-08
45824 2.46865e-08
45888 2.30611e-08
45952 2.71519e-08
46016 2.60217e-08
46080 2.0266e-08
46144 2.05967e-08
46208 2.66588e-08
46272 3.2183e-08
46336 2.2762e-08
46400 2.30509e-08
46464 2.65321e-08
46528 2.4599e-08
46592 2.17185e-08
46656 2.20011e-08
46720 2.5736e-08
46784 2.7015e-08
46848 2.71956e-08
46912 3.24488e-08
46976 2.28664e-08
47040 2.66274e-08
47104 2.91645e-08
47168 2.45644e-08
47232 2.79106e-08
47296 2.7842e-08
47360 2.20808e-08
47424 2.44689e-08
47488 3.08456e-08
47552 2.75919e-08
47616 2.19944e-08
47680 2.77632e-08
47744 2.63537e-08
47808 2.8046e-08
47872 2.11004e-08
47936 3.06475e-08
48000 2.33059e-08
48064 2.27711e-08
48128 2.78664e-08
48192 2.76039e-08
48256 2.27319e-08
48320 2.80011e-08
48384 2.59319e-08
48448 2.23952e-08
48512 2.88662e-08
48576 2.26328e-08
48640 2.85484e-08
48704 3.05137e-08
48768 2.59321e-08
48832 2.46541e-08
48896 2.44521e-08
48960 3.0364e-08
49024 2.66683e-08
49088 2.2843e-08
49152 2.95474e-08
49216 2.39434e-08
49280 2.19857e-08
49344 2.81534e-08
49408 2.9553e-08
49472 2.47508e-08
49536 2.56878e-08
49600 2.50792e-08
49664 2.17373e-08
49728 2.97109e-08
49792 2.69349e-08
49856 2.26988e-08
49920 2.39225e-08
49984 2.30631e-08
50048 2.54029e-08
50112 2.45457e-08
50176 3.25484e-08
50240 2.3487e-08
50304 2.60212e-08
50368 2.47645e-08
50432 2.21978e-08
50496 2.70003e-08
50560 2.36096e-08
50624 2.58655e-08
50688 2.26252e-08
50752 2.28426e-08
50816 2.74086e-08
50880 2.5372e-08
50944 2.56051e-08
51008 2.71354e-08
51072 2.85044e-08
51136 2.72726e-08
51200 2.1502e-08
51328 2.77417e-08
51456 2.55579e-08
51584 2.2737e-08
51712 1.98211e-08
51840 3.04232e-08
51968 2.7675e-08
52096 3.31825e-08
52224 2.61508e-08
52352 2.89589e-08
52480 2.29252e-08
52608 2.55265e-08
52736 2.68509e-08
52864 2.19374e-08
52992 2.30013e-08
53120 3.17477e-08
53248 2.31717e-08
53376 2.43789e-08
53504 2.44174e-08
53632 2.82649e-08
53760 2.54296e-08
53888 2.84563e-08
54016 2.90384e-08
54144 2.89261e-08
54272 2.44293e-08
54400 2.7174e-08
54528 2.41504e-08
54656 2.79037e-08
54784 2.11907e-08
54912 2.97658e-08
55040 2.74324e-08
55168 2.65264e-08
55296 2.44904e-08
55424 2.37277e-08
55552 3.03222e-08
55680 2.82149e-08
55808 2.32186e-08
55936 2.20493e-08
56064 2.44396e-08
56192 2.3762e-08
56320 2.23629e-08
56448 2.73566e-08
56576 2.38831e-08
56704 2.67106e-08
56832 2.47541e-08
56960 2.89895e-08
57088 2.39243e-08
57216 2.67623e-08
57344 2.44828e-08
57472 2.9187e-08
57600 2.54692e-08
57728 2.82861e-08
57856 2.65097e-08
57984 2.64127e-08
58112 2.53163e-08
58240 2.4835e-08
58368 2.42691e-08
58496 2.4512e-08
58624 2.81721e-08
58752 2.01914e-08
58880 2.53981e-08
59008 2.49246e-08
59136 2.57017e-08
59264 3.16198e-08
59392 2.55985e-08
59520 2.93351e-08
59648 2.44994e-08
59776 2.22241e-08
59904 2.57352e-08
60032 2.37931e-08
60160 2.84968e-08
60288 3.17046e-08
60416 3.18533e-08
60544 2.25633e-08
60672 2.23304e-08
60800 2.51642e-08
60928 3.05659e-08
61056 2.51848e-08
61184 2.27104e-08
61312 2.77569e-08
61440 2.23164e-08
61568 3.00911e-08
61696 2.65485e-08
61824 2.41258e-08
61952 2.81135e-08
62080 2.48e-08
62208 2.87785e-08
62336 2.68884e-08
62464 2.94303e-08
62592 2.6659e-08
62720 2.40791e-08
62848 2.59968e-08
62976 2.29065e-08
63104 2.65534e-08
63232 2.42232e-08
63360 2.33716e-08
63488 2.26585e-08
63616 2.66807e-08
63744 3.14079e-08
63872 2.78703e-08
64000 2.11821e-08
64128 2.16762e-08
64256 2.43313e-08
64384 3.01333e-08
64512 2.83721e-08
64640 2.52263e-08
64768 2.44388e-08
64896 2.00429e-08
65024 2.60912e-08
65152 2.72231e-08
65280 2.67628e-08
65408 2.44951e-08
65536 2.78039e-08
65664 2.46148e-08
65792 2.09936e-08
65920 2.53717e-08
66048 2.73043e-08
66176 2.6489e-08
66304 2.63594e-08
66432 2.26377e-08
66560 2.87147e-08
66688 2.53621e-08
66816 3.14426e-08
66944 2.62504e-08
67072 2.65798e-08
67200 2.25407e-08
67328 2.42226e-08
67456 2.59293e-08
67584 2.28654e-08
67712 3.1102e-08
67840 2.58303e-08
67968 2.44628e-08
68096 2.56516e-08
68224 2.80194e-08
68352 2.06521e-08
68480 3.30155e-08
68608 2.59519e-08
68736 2.66125e-08
68864 2.67589e-08
68992 2.79497e-08
69120 2.32355e-08
69248 2.53675e-08
69376 2.58301e-08
69504 2.33397e-08
69632 2.58045e-08
69760 2.50716e-08
69888 2.41655e-08
70016 2.41511e-08
70144 2.27904e-08
70272 2.31511e-08
70400 2.59191e-08
70528 2.61514e-08
70656 1.73124e-08
70784 2.61326e-08
70912 2.19613e-08
71040 2.18882e-08
71168 2.38791e-08
71296 2.75621e-08
71424 2.13452e-08
71552 2.12435e-08
71680 2.30712e-08
71808 2.20471e-08
71936 2.63366e-08
72064 2.01967e-08
72192 2.77898e-08
72320 2.67889e-08
72448 2.47311e-08
72576 2.60569e-08
72704 1.87781e-08
72832 2.22858e-08
72960 2.81924e-08
73088 2.71943e-08
73216 2.79604e-08
73344 2.74605e-08
73472 2.2647e-08
73600 2.14887e-08
73728 2.30298e-08
73856 2.59751e-08
73984 2.05873e-08
74112 2.23036e-08
74240 2.74372e-08
74368 2.41415e-08
74496 2.45368e-08
74624 2.27654e-08
74752 3.18364e-08
74880 2.25932e-08
75008 2.29189e-08
75136 2.49993e-08
75264 3.22278e-08
75392 2.60166e-08
75520 2.48369e-08
75648 2.15222e-08
75776 2.53667e-08
75904 2.00009e-08
76032 2.63002e-08
76160 2.3755e-08
76288 2.46938e-08
76416 2.96627e-08
76544 2.8983e-08
76672 2.03515e-08
76800 2.64872e-08
76928 2.32386e-08
77056 2.78887e-08
77184 2.24898e-08
77312 2.16383e-08
77440 2.19461e-08
77568 2.6074e-08
77696 2.70177e-08
77824 2.58093e-08
77952 2.90322e-08
78080 2.40366e-08
78208 2.17721e-08
78336 2.84787e-08
78464 2.74424e-08
78592 2.42993e-08
78720 2.75179e-08
78848 2.59273e-08
78976 2.25306e-08
79104 2.98544e-08
79232 3.00075e-08
79360 2.94133e-08
79488 2.31741e-08
79616 2.95871e-08
79744 3.00811e-08
79872 2.24525e-08
80000 2.4079e-08
80128 2.61579e-08
80256 2.53629e-08
80384 2.1317e-08
80512 2.61497e-08
80640 2.20099e-08
80768 2.77386e-08
80896 2.38952e-08
81024 2.2874e-08
81152 3.18423e-08
81280 2.43512e-08
81408 2.09923e-08
81536 2.98143e-08
81664 2.92565e-08
81792 2.26934e-08
81920 2.3373e-08
82048 2.78001e-08
82176 2.80644e-08
82304 2.3915e-08
82432 2.18322e-08
82560 2.43434e-08
82688 2.51283e-08
82816 2.54541e-08
82944 2.3882e-08
83072 2.51183e-08
83200 2.59267e-08
83328 2.37089e-08
83456 2.45475e-08
83584 2.48701e-08
83712 2.03725e-08
83840 2.01511e-08
83968 2.78371e-08
84096 2.6078e-08
84224 2.63971e-08
84352 2.85838e-08
84480 2.89142e-08
84608 2.39147e-08
84736 2.65299e-08
84864 2.43964e-08
84992 2.25e-08
85120 2.09042e-08
85248 2.27445e-08
85376 2.62278e-08
85504 2.44784e-08
85632 2.30354e-08
85760 2.30595e-08
85888 2.83962e-08
86016 2.74622e-08
86144 2.05281e-08
86272 2.08294e-08
86400 2.07311e-08
86528 2.78894e-08
86656 2.69698e-08
86784 2.60259e-08
86912 2.68921e-08
87040 2.07128e-08
87168 2.57922e-08
87296 2.22843e-08
87424 2.57379e-08
87552 2.48243e-08
87680 2.81183e-08
87808 2.83934e-08
87936 2.97139e-08
88064 3.0983e-08
88192 2.60783e-08
88320 2.59098e-08
88448 2.36664e-08
88576 2.43851e-08
88704 2.20239e-08
88832 2.48603e-08
88960 2.88603e-08
89088 2.2388e-08
89216 2.33628e-08
89344 2.49869e-08
89472 2.25305e-08
89600 2.46317e-08
89728 2.93466e-08
89856 2.89894e-08
89984 2.58617e-08
90112 2.3493e-08
90240 1.98005e-08
90368 2.30533e-08
90496 2.53516e-08
90624 2.34386e-08
90752 2.48251e-08
90880 1.9661e-08
91008 2.22669e-08
91136 2.3467e-08
91264 2.32848e-08
91392 3.08338e-08
91520 2.28527e-08
91648 2.5664e-08
91776 2.19297e-08
91904 2.52684e-08
92032 2.58884e-08
92160 2.60012e-08
92288 1.96105e-08
92416 2.2968e-08
92544 2.58322e-08
92672 2.35225e-08
92800 2.77373e-08
92928 2.74938e-08
93056 2.68612e-08
93184 3.32323e-08
93312 2.34537e-08
93440 2.52429e-08
93568 2.28733e-08
93696 2.95617e-08
93824 2.85559e-08
93952 2.57139e-08
94080 2.54025e-08
94208 1.75692e-08
94336 1.7719e-08
94464 2.37924e-08
94592 2.22973e-08
94720 2.26918e-08
94848 2.63657e-08
94976 2.15584e-08
95104 2.27077e-08
95232 2.43992e-08
95360 2.21261e-08
95488 2.77541e-08
95616 2.98002e-08
95744 2.841e-08
95872 2.13518e-08
96000 2.60686e-08
96128 2.77698e-08
96256 2.32142e-08
96384 2.35925e-08
96512 2.53712e-08
96640 1.85193e-08
96768 2.19662e-08
96896 2.73451e-08
97024 2.46222e-08
97152 2.42302e-08
97280 2.14953e-08
97408 2.99042e-08
97536 3.31348e-08
97664 2.55259e-08
97792 2.41116e-08
97920 2.54404e-08
98048 3.1905e-08
98176 2.16532e-08
98304 2.475e-08
98432 1.71126e-08
98560 2.4519e-08
98688 2.25896e-08
98816 2.6212e-08
98944 3.17262e-08
99072 3.20862e-08
99200 2.73897e-08
99328 2.11187e-08
99456 2.46455e-08
99584 2.6549e-08
99712 2.46705e-08
99840 2.10685e-08
99968 2.87282e-08
100096 3.0562e-08
100224 2.6805e-08
100352 2.41808e-08
100480 2.29576e-08
100608 2.30106e-08
100736 2.30521e-08
100864 2.88885e-08
100992 2.45961e-08
101120 2.30025e-08
101248 2.43258e-08
101376 2.04089e-08
101504 2.97109e-08
101632 2.51052e-08
101760 3.38308e-08
101888 2.54703e-08
102016 3.04237e-08
102144 2.21187e-08
102272 2.7671e-08
102400 2.5021e-08
