0.00000	0.00000	0.00000	0.00000	0.00000	0.00000	0.00000	0.00000	0.00000	0.00000	0.00000	0.00000	0.00000	0.00000	0.00000	0.00000	0.00000	0.00000	0.00000	0.00000	0.00000	0.00000	0.00000	0.00000	0.00000	0.00000	0.00000	0.00000	0.00000	0.00000	0.00000	0.00000	0.00000	0.00000	0.00000	0.00000	0.00000	0.00000	0.00000	0.00000	0.00000	0.00000	0.00000	0.00000	0.00000	0.00000	0.00000	0.00000	0.00000	0.00000	0.00000	0.00000	0.00000	0.00000	0.00000	0.00000	0.00000	0.00000	0.00000	0.00000	0.00000	0.00000	0.00000	0.00000	0.00000	0.00000	0.00000	0.00000	0.00000	0.00000	
0.00000	0.00000	0.00000	0.00000	0.00000	0.00000	0.00000	0.00000	0.00000	0.00000	0.00000	0.00000	0.00000	0.00000	0.00000	0.00000	0.00000	0.00000	0.00000	0.00000	0.00000	0.00000	0.00000	0.00000	0.00000	0.00000	0.00000	0.00000	0.00000	0.00000	0.00000	0.00000	0.00000	0.00000	0.00000	0.00000	0.00000	0.00000	0.00000	0.00000	0.00000	0.00000	0.00000	0.00000	0.00000	0.00000	0.00000	0.00000	0.00000	0.00000	0.00000	0.00000	0.00000	0.00000	0.00000	0.00000	0.00000	0.00000	0.00000	0.00000	0.00000	0.00000	0.00000	0.00000	0.00000	0.00000	0.00000	0.00000	0.00000	0.00000	
0.00000	0.00000	0.00000	0.00000	0.00000	0.00000	0.00000	0.00000	0.00000	0.00000	0.00000	0.00000	0.00000	0.00000	0.00000	0.00000	0.00000	0.00000	0.00000	0.00000	0.00000	0.00000	0.00000	0.00000	0.00000	0.00000	0.00000	0.00000	0.00000	0.00000	0.00000	0.00000	0.00000	0.00000	0.00000	0.00000	0.00000	0.00000	0.00000	0.00000	0.00000	0.00000	0.00000	0.00000	0.00000	0.00000	0.00000	0.00000	0.00000	0.00000	0.00000	0.00000	0.00000	0.00000	0.00000	0.00000	0.00000	0.00000	0.00000	0.00000	0.00000	0.00000	0.00000	0.00000	0.00000	0.00000	0.00000	0.00000	0.00000	0.00000	
0.00000	0.00000	0.00000	0.00000	0.00000	0.00000	0.00000	0.00000	0.00000	0.00000	0.00000	0.00000	0.00000	0.00000	0.00000	0.00000	0.00000	0.00000	0.00000	0.00000	0.00000	0.00000	0.00000	0.00000	0.00000	0.00000	0.00000	0.00000	0.00000	0.00000	0.00000	0.00000	0.00000	0.00000	0.00000	0.00000	0.00000	0.00000	0.00000	0.00000	0.00000	0.00000	0.00000	0.00000	0.00000	0.00000	0.00000	0.00000	0.00000	0.00000	0.00000	0.00000	0.00000	0.00000	0.00000	0.00000	0.00000	0.00000	0.00000	0.00000	0.00000	0.00000	0.00000	0.00000	0.00000	0.00000	0.00000	0.00000	0.00000	0.00000	
0.00000	0.00000	0.00000	0.00000	0.00000	0.00000	0.00000	0.00000	0.00000	0.00000	0.00000	0.00000	0.00000	0.00000	0.00000	0.00000	0.00000	0.00000	0.00000	0.00000	0.00000	0.00000	0.00000	0.00000	0.00000	0.00000	0.00000	0.00000	0.00000	0.00000	0.00000	0.00000	0.00000	0.00000	0.00000	0.00000	0.00000	0.00000	0.00000	0.00000	0.00000	0.00000	0.00000	0.00000	0.00000	0.00000	0.00000	0.00000	0.00000	0.00000	0.00000	0.00000	0.00000	0.00000	0.00000	0.00000	0.00000	0.00000	0.00000	0.00000	0.00000	0.00000	0.00000	0.00000	0.00000	0.00000	0.00000	0.00000	0.00000	0.00000	
0.00000	0.00000	0.00000	0.00000	0.00000	0.00000	0.00000	0.00000	0.00000	0.00000	0.00000	0.00000	0.00000	0.00000	0.00000	0.00000	0.00000	0.00000	0.00000	0.00000	0.00000	0.00000	0.00000	0.00000	0.00000	0.00000	0.00000	0.00000	0.00000	0.00000	0.00000	0.00000	0.00000	0.00000	0.00000	0.00000	0.00000	0.00000	0.00000	0.00000	0.00000	0.00000	0.00000	0.00000	0.00000	0.00000	0.00000	0.00000	0.00000	0.00000	0.00000	0.00000	0.00000	0.00000	0.00000	0.00000	0.00000	0.00000	0.00000	0.00000	0.00000	0.00000	0.00000	0.00000	0.00000	0.00000	0.00000	0.00000	0.00000	0.00000	
0.00000	0.00000	0.00000	0.00000	0.00000	0.00000	0.00000	0.00000	0.00000	0.00000	0.00000	0.00000	0.00000	0.00000	0.00000	0.00000	0.00000	0.00000	0.00000	0.00000	0.00000	0.00000	0.00000	0.00000	0.00000	0.00000	0.00000	0.00000	0.00000	0.00000	0.00000	0.00000	0.00000	0.00000	0.00000	0.00000	0.00000	0.00000	0.00000	0.00000	0.00000	0.00000	0.00000	0.00000	0.00000	0.00000	0.00000	0.00000	0.00000	0.00000	0.00000	0.00000	0.00000	0.00000	0.00000	0.00000	0.00000	0.00000	0.00000	0.00000	0.00000	0.00000	0.00000	0.00000	0.00000	0.00000	0.00000	0.00000	0.00000	0.00000	
0.00000	0.00000	0.00000	0.00000	0.00000	0.00000	0.00000	0.00000	0.00000	0.00000	0.00000	0.00000	0.00000	0.00000	0.00000	0.00000	0.00000	0.00000	0.00000	0.00000	0.00000	0.00000	0.00000	0.00000	0.00000	0.00000	0.00000	0.00000	0.00000	0.00000	0.00000	0.00000	0.00000	0.00001	0.00001	0.00001	0.00001	0.00001	0.00001	0.00000	0.00000	0.00000	0.00000	0.00000	0.00000	0.00000	0.00000	0.00000	0.00000	0.00000	0.00000	0.00000	0.00000	0.00000	0.00000	0.00000	0.00000	0.00000	0.00000	0.00000	0.00000	0.00000	0.00000	0.00000	0.00000	0.00000	0.00000	0.00000	0.00000	0.00000	
0.00000	0.00000	0.00000	0.00000	0.00000	0.00000	0.00000	0.00000	0.00000	0.00000	0.00000	0.00000	0.00000	0.00000	0.00000	0.00000	0.00000	0.00000	0.00000	0.00000	0.00000	0.00000	0.00000	0.00000	0.00000	0.00000	0.00000	0.00000	0.00001	0.00001	0.00001	0.00001	0.00001	0.00002	0.00002	0.00002	0.00002	0.00002	0.00002	0.00002	0.00001	0.00001	0.00001	0.00001	0.00000	0.00000	0.00000	0.00000	0.00000	0.00000	0.00000	0.00000	0.00000	0.00000	0.00000	0.00000	0.00000	0.00000	0.00000	0.00000	0.00000	0.00000	0.00000	0.00000	0.00000	0.00000	0.00000	0.00000	0.00000	0.00000	
0.00000	0.00000	0.00000	0.00000	0.00000	0.00000	0.00000	0.00000	0.00000	0.00000	0.00000	0.00000	0.00000	0.00000	0.00000	0.00000	0.00000	0.00000	0.00000	0.00000	0.00000	0.00000	0.00000	0.00000	0.00000	0.00000	0.00001	0.00001	0.00002	0.00002	0.00003	0.00004	0.00005	0.00005	0.00006	0.00006	0.00006	0.00006	0.00005	0.00005	0.00004	0.00003	0.00003	0.00002	0.00001	0.00001	0.00001	0.00000	0.00000	0.00000	0.00000	0.00000	0.00000	0.00000	0.00000	0.00000	0.00000	0.00000	0.00000	0.00000	0.00000	0.00000	0.00000	0.00000	0.00000	0.00000	0.00000	0.00000	0.00000	0.00000	
0.00000	0.00000	0.00000	0.00000	0.00000	0.00000	0.00000	0.00000	0.00000	0.00000	0.00000	0.00000	0.00000	0.00000	0.00000	0.00000	0.00000	0.00000	0.00000	0.00000	0.00000	0.00000	0.00000	0.00001	0.00001	0.00001	0.00002	0.00003	0.00005	0.00007	0.00009	0.00011	0.00014	0.00016	0.00017	0.00018	0.00018	0.00018	0.00016	0.00014	0.00012	0.00010	0.00008	0.00006	0.00004	0.00003	0.00002	0.00001	0.00001	0.00000	0.00000	0.00000	0.00000	0.00000	0.00000	0.00000	0.00000	0.00000	0.00000	0.00000	0.00000	0.00000	0.00000	0.00000	0.00000	0.00000	0.00000	0.00000	0.00000	0.00000	
0.00000	0.00000	0.00000	0.00000	0.00000	0.00000	0.00000	0.00000	0.00000	0.00000	0.00000	0.00000	0.00000	0.00000	0.00000	0.00000	0.00000	0.00000	0.00000	0.00000	0.00000	0.00000	0.00001	0.00002	0.00003	0.00004	0.00007	0.00010	0.00015	0.00020	0.00026	0.00033	0.00040	0.00046	0.00051	0.00053	0.00054	0.00052	0.00048	0.00042	0.00036	0.00029	0.00022	0.00017	0.00012	0.00008	0.00005	0.00003	0.00002	0.00001	0.00001	0.00000	0.00000	0.00000	0.00000	0.00000	0.00000	0.00000	0.00000	0.00000	0.00000	0.00000	0.00000	0.00000	0.00000	0.00000	0.00000	0.00000	0.00000	0.00000	
0.00000	0.00000	0.00000	0.00000	0.00000	0.00000	0.00000	0.00000	0.00000	0.00000	0.00000	0.00000	0.00000	0.00000	0.00000	0.00000	0.00000	0.00000	0.00000	0.00000	0.00001	0.00001	0.00002	0.00004	0.00008	0.00012	0.00019	0.00029	0.00041	0.00057	0.00075	0.00094	0.00113	0.00130	0.00143	0.00150	0.00152	0.00146	0.00135	0.00119	0.00101	0.00082	0.00063	0.00047	0.00033	0.00023	0.00015	0.00009	0.00005	0.00003	0.00002	0.00001	0.00000	0.00000	0.00000	0.00000	0.00000	0.00000	0.00000	0.00000	0.00000	0.00000	0.00000	0.00000	0.00000	0.00000	0.00000	0.00000	0.00000	0.00000	
0.00000	0.00000	0.00000	0.00000	0.00000	0.00000	0.00000	0.00000	0.00000	0.00000	0.00000	0.00000	0.00000	0.00000	0.00000	0.00000	0.00000	0.00000	0.00000	0.00001	0.00002	0.00004	0.00007	0.00012	0.00020	0.00034	0.00052	0.00079	0.00113	0.00155	0.00203	0.00255	0.00307	0.00353	0.00389	0.00410	0.00413	0.00399	0.00368	0.00325	0.00275	0.00223	0.00172	0.00128	0.00091	0.00062	0.00040	0.00025	0.00015	0.00008	0.00005	0.00002	0.00001	0.00001	0.00000	0.00000	0.00000	0.00000	0.00000	0.00000	0.00000	0.00000	0.00000	0.00000	0.00000	0.00000	0.00000	0.00000	0.00000	0.00000	
0.00000	0.00000	0.00000	0.00000	0.00000	0.00000	0.00000	0.00000	0.00000	0.00000	0.00000	0.00000	0.00000	0.00000	0.00000	0.00000	0.00000	0.00001	0.00001	0.00002	0.00005	0.00009	0.00018	0.00032	0.00054	0.00088	0.00138	0.00207	0.00297	0.00407	0.00534	0.00671	0.00807	0.00929	0.01023	0.01078	0.01087	0.01049	0.00968	0.00856	0.00724	0.00586	0.00454	0.00336	0.00238	0.00162	0.00105	0.00065	0.00039	0.00022	0.00012	0.00006	0.00003	0.00001	0.00001	0.00000	0.00000	0.00000	0.00000	0.00000	0.00000	0.00000	0.00000	0.00000	0.00000	0.00000	0.00000	0.00000	0.00000	0.00000	
0.00000	0.00000	0.00000	0.00000	0.00000	0.00000	0.00000	0.00000	0.00000	0.00000	0.00000	0.00000	0.00000	0.00000	0.00000	0.00000	0.00001	0.00001	0.00003	0.00006	0.00012	0.00024	0.00045	0.00080	0.00137	0.00224	0.00350	0.00525	0.00753	0.01033	0.01356	0.01704	0.02049	0.02357	0.02596	0.02735	0.02758	0.02662	0.02458	0.02172	0.01837	0.01486	0.01151	0.00853	0.00605	0.00411	0.00267	0.00166	0.00099	0.00056	0.00031	0.00016	0.00008	0.00004	0.00002	0.00001	0.00000	0.00000	0.00000	0.00000	0.00000	0.00000	0.00000	0.00000	0.00000	0.00000	0.00000	0.00000	0.00000	0.00000	
0.00000	0.00000	0.00000	0.00000	0.00000	0.00000	0.00000	0.00000	0.00000	0.00000	0.00000	0.00000	0.00000	0.00000	0.00000	0.00001	0.00001	0.00003	0.00007	0.00015	0.00030	0.00059	0.00110	0.00196	0.00335	0.00548	0.00858	0.01286	0.01844	0.02530	0.03321	0.04173	0.05018	0.05774	0.06358	0.06700	0.06756	0.06520	0.06020	0.05320	0.04499	0.03641	0.02819	0.02089	0.01482	0.01006	0.00653	0.00406	0.00241	0.00137	0.00075	0.00039	0.00019	0.00009	0.00004	0.00002	0.00001	0.00000	0.00000	0.00000	0.00000	0.00000	0.00000	0.00000	0.00000	0.00000	0.00000	0.00000	0.00000	0.00000	
0.00000	0.00000	0.00000	0.00000	0.00000	0.00000	0.00000	0.00000	0.00000	0.00000	0.00000	0.00000	0.00000	0.00000	0.00001	0.00001	0.00003	0.00007	0.00016	0.00035	0.00071	0.00139	0.00259	0.00463	0.00792	0.01296	0.02029	0.03040	0.04358	0.05980	0.07852	0.09866	0.11863	0.13651	0.15031	0.15839	0.15972	0.15412	0.14232	0.12577	0.10635	0.08606	0.06665	0.04939	0.03503	0.02377	0.01544	0.00959	0.00571	0.00325	0.00177	0.00092	0.00046	0.00022	0.00010	0.00004	0.00002	0.00001	0.00000	0.00000	0.00000	0.00000	0.00000	0.00000	0.00000	0.00000	0.00000	0.00000	0.00000	0.00000	
0.00000	0.00000	0.00000	0.00000	0.00000	0.00000	0.00000	0.00000	0.00000	0.00000	0.00000	0.00000	0.00000	0.00000	0.00001	0.00003	0.00007	0.00017	0.00037	0.00080	0.00162	0.00317	0.00591	0.01057	0.01807	0.02956	0.04629	0.06935	0.09944	0.13644	0.17914	0.22510	0.27066	0.31145	0.34294	0.36137	0.36440	0.35163	0.32471	0.28694	0.24265	0.19636	0.15206	0.11269	0.07992	0.05423	0.03522	0.02189	0.01302	0.00741	0.00403	0.00210	0.00105	0.00050	0.00023	0.00010	0.00004	0.00002	0.00001	0.00000	0.00000	0.00000	0.00000	0.00000	0.00000	0.00000	0.00000	0.00000	0.00000	0.00000	
0.00000	0.00000	0.00000	0.00000	0.00000	0.00000	0.00000	0.00000	0.00000	0.00000	0.00000	0.00000	0.00000	0.00001	0.00003	0.00007	0.00016	0.00037	0.00082	0.00175	0.00358	0.00698	0.01302	0.02327	0.03978	0.06509	0.10192	0.15270	0.21895	0.30042	0.39447	0.49566	0.59599	0.68579	0.75514	0.79572	0.80239	0.77428	0.71499	0.63183	0.53430	0.43238	0.33483	0.24814	0.17597	0.11942	0.07756	0.04820	0.02866	0.01631	0.00888	0.00463	0.00231	0.00110	0.00050	0.00022	0.00009	0.00004	0.00001	0.00001	0.00000	0.00000	0.00000	0.00000	0.00000	0.00000	0.00000	0.00000	0.00000	0.00000	
0.00000	0.00000	0.00000	0.00000	0.00000	0.00000	0.00000	0.00000	0.00000	0.00000	0.00000	0.00000	0.00001	0.00002	0.00005	0.00014	0.00034	0.00079	0.00175	0.00373	0.00760	0.01482	0.02768	0.04945	0.08455	0.13833	0.21659	0.32452	0.46530	0.63844	0.83830	1.05334	1.26656	1.45740	1.60479	1.69103	1.70519	1.64546	1.51947	1.34272	1.13546	0.91886	0.71157	0.52732	0.37396	0.25379	0.16482	0.10243	0.06092	0.03467	0.01888	0.00984	0.00491	0.00234	0.00107	0.00047	0.00020	0.00008	0.00003	0.00001	0.00000	0.00000	0.00000	0.00000	0.00000	0.00000	0.00000	0.00000	0.00000	0.00000	
0.00000	0.00000	0.00000	0.00000	0.00000	0.00000	0.00000	0.00000	0.00000	0.00000	0.00000	0.00001	0.00002	0.00004	0.00011	0.00028	0.00069	0.00161	0.00359	0.00764	0.01558	0.03041	0.05677	0.10142	0.17341	0.28372	0.44423	0.66559	0.95434	1.30946	1.71937	2.16041	2.59774	2.98914	3.29145	3.46831	3.49737	3.37485	3.11644	2.75394	2.32885	1.88460	1.45944	1.08155	0.76700	0.52052	0.33804	0.21008	0.12494	0.07111	0.03873	0.02018	0.01007	0.00480	0.00219	0.00096	0.00040	0.00016	0.00006	0.00002	0.00001	0.00000	0.00000	0.00000	0.00000	0.00000	0.00000	0.00000	0.00000	0.00000	
0.00000	0.00000	0.00000	0.00000	0.00000	0.00000	0.00000	0.00000	0.00000	0.00000	0.00000	0.00001	0.00003	0.00008	0.00022	0.00056	0.00137	0.00319	0.00710	0.01513	0.03085	0.06019	0.11237	0.20076	0.34326	0.56162	0.87933	1.31752	1.88909	2.59203	3.40343	4.27647	5.14215	5.91690	6.51532	6.86542	6.92293	6.68042	6.16890	5.45134	4.60988	3.73050	2.88892	2.14089	1.51825	1.03035	0.66914	0.41585	0.24732	0.14075	0.07666	0.03995	0.01993	0.00951	0.00434	0.00190	0.00079	0.00032	0.00012	0.00004	0.00002	0.00001	0.00000	0.00000	0.00000	0.00000	0.00000	0.00000	0.00000	0.00000	
0.00000	0.00000	0.00000	0.00000	0.00000	0.00000	0.00000	0.00000	0.00000	0.00000	0.00001	0.00002	0.00006	0.00016	0.00042	0.00108	0.00262	0.00609	0.01357	0.02891	0.05893	0.11498	0.21467	0.38354	0.65576	1.07292	1.67990	2.51702	3.60897	4.95187	6.50199	8.16986	9.82367	11.30378	12.44699	13.11584	13.22571	12.76241	11.78520	10.41436	8.80681	7.12682	5.51905	4.09000	2.90050	1.96840	1.27834	0.79445	0.47248	0.26890	0.14645	0.07633	0.03807	0.01817	0.00830	0.00363	0.00152	0.00061	0.00023	0.00009	0.00003	0.00001	0.00000	0.00000	0.00000	0.00000	0.00000	0.00000	0.00000	0.00000	
0.00000	0.00000	0.00000	0.00000	0.00000	0.00000	0.00000	0.00000	0.00000	0.00000	0.00001	0.00004	0.00011	0.00029	0.00078	0.00199	0.00483	0.01124	0.02502	0.05330	0.10866	0.21200	0.39581	0.70717	1.20908	1.97824	3.09736	4.64084	6.65414	9.13016	11.98825	15.06343	18.11269	20.84169	22.94953	24.18275	24.38531	23.53108	21.72933	19.20179	16.23784	13.14030	10.17591	7.54106	5.34789	3.62930	2.35698	1.46480	0.87115	0.49579	0.27002	0.14073	0.07019	0.03350	0.01530	0.00669	0.00280	0.00112	0.00043	0.00016	0.00006	0.00002	0.00001	0.00000	0.00000	0.00000	0.00000	0.00000	0.00000	0.00000	
0.00000	0.00000	0.00000	0.00000	0.00000	0.00000	0.00000	0.00000	0.00000	0.00001	0.00002	0.00007	0.00019	0.00052	0.00139	0.00354	0.00859	0.02000	0.04452	0.09484	0.19336	0.37724	0.70432	1.25839	2.15152	3.52021	5.51165	8.25822	11.84082	16.24682	21.33269	26.80487	32.23092	37.08709	40.83792	43.03238	43.39284	41.87276	38.66661	34.16894	28.89468	23.38272	18.10769	13.41906	9.51639	6.45822	4.19416	2.60656	1.55018	0.88224	0.48049	0.25042	0.12489	0.05961	0.02723	0.01190	0.00498	0.00199	0.00076	0.00028	0.00010	0.00003	0.00001	0.00000	0.00000	0.00000	0.00000	0.00000	0.00000	0.00000	
0.00000	0.00000	0.00000	0.00000	0.00000	0.00000	0.00000	0.00000	0.00000	0.00001	0.00004	0.00011	0.00032	0.00090	0.00239	0.00607	0.01476	0.03434	0.07645	0.16288	0.33207	0.64788	1.20960	2.16114	3.69501	6.04559	9.46568	14.18262	20.33536	27.90219	36.63663	46.03453	55.35321	63.69315	70.13481	73.90357	74.52261	71.91205	66.40582	58.68155	49.62355	40.15735	31.09805	23.04582	16.34339	11.09131	7.20302	4.47649	2.66226	1.51515	0.82518	0.43007	0.21449	0.10237	0.04676	0.02044	0.00855	0.00342	0.00131	0.00048	0.00017	0.00006	0.00002	0.00001	0.00000	0.00000	0.00000	0.00000	0.00000	0.00000	
0.00000	0.00000	0.00000	0.00000	0.00000	0.00000	0.00000	0.00000	0.00001	0.00002	0.00006	0.00019	0.00054	0.00149	0.00396	0.01006	0.02447	0.05692	0.12672	0.26997	0.55041	1.07385	2.00490	3.58207	6.12443	10.02048	15.68926	23.50752	33.70562	46.24754	60.72478	76.30168	91.74727	105.57063	116.24760	122.49427	123.52033	119.19335	110.06685	97.26395	82.25044	66.56033	51.54465	38.19817	27.08897	18.38372	11.93892	7.41972	4.41267	2.51134	1.36773	0.71283	0.35552	0.16968	0.07750	0.03387	0.01417	0.00567	0.00217	0.00080	0.00028	0.00009	0.00003	0.00001	0.00000	0.00000	0.00000	0.00000	0.00000	0.00000	
0.00000	0.00000	0.00000	0.00000	0.00000	0.00000	0.00000	0.00000	0.00001	0.00003	0.00010	0.00030	0.00086	0.00239	0.00634	0.01610	0.03914	0.09105	0.20271	0.43186	0.88047	1.71781	3.20718	5.73014	9.79708	16.02948	25.09765	37.60431	53.91790	73.98086	97.13967	122.05758	146.76545	168.87828	185.95791	195.95053	197.59189	190.67015	176.07075	155.59033	131.57365	106.47463	82.45448	61.10451	43.33344	29.40790	19.09835	11.86912	7.05882	4.01732	2.18792	1.14030	0.56872	0.27143	0.12397	0.05418	0.02266	0.00907	0.00347	0.00127	0.00045	0.00015	0.00005	0.00001	0.00000	0.00000	0.00000	0.00000	0.00000	0.00000	
0.00000	0.00000	0.00000	0.00000	0.00000	0.00000	0.00000	0.00000	0.00001	0.00005	0.00015	0.00046	0.00133	0.00369	0.00978	0.02485	0.06042	0.14057	0.31295	0.66674	1.35933	2.65207	4.95148	8.84659	15.12543	24.74745	38.74753	58.05620	83.24229	114.21690	149.97111	188.44116	226.33662	249.97692	263.85064	270.91182	272.01134	267.26269	256.14193	236.90943	203.13274	164.38309	127.29908	94.33748	66.90125	45.40201	29.48538	18.32439	10.89790	6.20222	3.37787	1.76047	0.87802	0.41906	0.19140	0.08365	0.03499	0.01400	0.00536	0.00197	0.00069	0.00023	0.00007	0.00002	0.00001	0.00000	0.00000	0.00000	0.00000	0.00000	
0.00000	0.00000	0.00000	0.00000	0.00000	0.00000	0.00000	0.00001	0.00002	0.00007	0.00023	0.00068	0.00198	0.00549	0.01458	0.03703	0.09003	0.20945	0.46631	0.99346	2.02543	3.95163	7.37779	13.18157	22.53715	36.87413	57.73450	86.50474	124.03246	170.18516	223.45956	260.75810	284.89144	301.48595	312.21920	317.86014	318.74770	314.93182	306.19144	291.94963	270.97689	240.15488	189.67783	140.56448	99.68402	67.64978	43.93373	27.30365	16.23807	9.24142	5.03308	2.62313	1.30827	0.62440	0.28518	0.12464	0.05213	0.02087	0.00799	0.00293	0.00103	0.00034	0.00011	0.00003	0.00001	0.00000	0.00000	0.00000	0.00000	0.00000	
0.00000	0.00000	0.00000	0.00000	0.00000	0.00000	0.00000	0.00001	0.00003	0.00010	0.00032	0.00098	0.00285	0.00790	0.02096	0.05325	0.12947	0.30120	0.67057	1.42863	2.91265	5.68261	10.60957	18.95566	32.40938	53.02655	83.02465	124.39748	178.36392	240.02063	278.72426	305.84373	325.65717	339.80837	349.13270	354.07914	354.86009	351.50763	343.88129	331.63266	314.10075	290.03438	256.63751	202.13767	143.34983	97.28324	63.17857	39.26381	23.35103	13.28955	7.23779	3.77218	1.88135	0.89792	0.41011	0.17924	0.07497	0.03001	0.01149	0.00421	0.00148	0.00050	0.00016	0.00005	0.00001	0.00000	0.00000	0.00000	0.00000	0.00000	
0.00000	0.00000	0.00000	0.00000	0.00000	0.00000	0.00000	0.00001	0.00004	0.00014	0.00045	0.00136	0.00395	0.01096	0.02909	0.07391	0.17969	0.41803	0.93067	1.98277	4.04241	7.88678	14.72482	26.30818	44.98033	73.59450	115.22826	172.64879	241.88290	285.63156	316.72225	340.11231	357.69051	370.43468	378.90402	383.41775	384.13163	381.06946	374.12758	363.05465	347.39589	326.36487	298.51868	260.63913	198.95240	135.01748	87.68428	54.49346	32.40843	18.44431	10.04518	5.23533	2.61109	1.24620	0.56918	0.24877	0.10405	0.04165	0.01595	0.00585	0.00205	0.00069	0.00022	0.00007	0.00002	0.00001	0.00000	0.00000	0.00000	0.00000	
0.00000	0.00000	0.00000	0.00000	0.00000	0.00000	0.00000	0.00002	0.00006	0.00019	0.00060	0.00183	0.00529	0.01468	0.03897	0.09900	0.24068	0.55994	1.24660	2.65586	5.41468	10.56409	19.72342	35.23897	60.24971	98.57748	154.34456	230.21713	282.66136	318.84702	346.32597	367.53585	383.69571	395.50760	403.39630	407.61223	408.27972	405.41790	398.94371	388.65840	374.21151	355.02396	330.11715	297.66419	253.24271	180.85158	117.45028	72.99224	43.41005	24.70556	13.45520	7.01256	3.49747	1.66925	0.76240	0.33322	0.13937	0.05578	0.02137	0.00783	0.00275	0.00092	0.00030	0.00009	0.00003	0.00001	0.00000	0.00000	0.00000	0.00000	
0.00000	0.00000	0.00000	0.00000	0.00000	0.00000	0.00001	0.00002	0.00007	0.00025	0.00078	0.00236	0.00684	0.01898	0.05038	0.12798	0.31114	0.72386	1.61154	3.43335	6.99980	13.65667	25.49734	45.55497	77.88747	127.43547	199.52805	269.33735	312.44168	344.82411	370.07935	389.84072	405.01954	416.17108	423.64256	427.64279	428.27658	425.56012	419.42323	409.69934	396.09947	378.15891	355.12739	325.71586	287.35871	232.19781	151.83318	94.36030	56.11809	31.93797	17.39413	9.06544	4.52133	2.15791	0.98558	0.43077	0.18017	0.07211	0.02762	0.01012	0.00355	0.00119	0.00038	0.00012	0.00003	0.00001	0.00000	0.00000	0.00000	0.00000	
0.00000	0.00000	0.00000	0.00000	0.00000	0.00000	0.00001	0.00003	0.00009	0.00031	0.00097	0.00294	0.00853	0.02368	0.06285	0.15968	0.38820	0.90312	2.01063	4.28362	8.73331	17.03875	31.81177	56.83669	97.17634	158.99493	242.78579	296.80073	335.48459	365.49408	389.24466	407.98529	422.45611	433.12394	440.28697	444.12688	444.73557	442.12727	436.24035	426.92938	413.94475	396.89215	375.15290	347.71397	312.73815	266.02557	189.43475	117.72868	70.01576	39.84743	21.70179	11.31050	5.64104	2.69232	1.22966	0.53745	0.22479	0.08997	0.03446	0.01263	0.00443	0.00149	0.00048	0.00015	0.00004	0.00001	0.00000	0.00000	0.00000	0.00000	
0.00000	0.00000	0.00000	0.00000	0.00000	0.00000	0.00001	0.00003	0.00011	0.00037	0.00117	0.00354	0.01028	0.02851	0.07568	0.19227	0.46744	1.08748	2.42107	5.15803	10.51603	20.51687	38.30550	68.43874	117.01293	191.45053	269.69380	317.47354	353.46330	381.87249	404.56224	422.56507	436.51618	446.82538	453.75826	457.47813	458.06800	455.54075	449.84064	440.83667	428.30560	411.89913	391.08102	364.99978	332.19238	289.69742	227.63656	141.76061	84.30806	47.98147	26.13178	13.61931	6.79254	3.24191	1.48067	0.64716	0.27068	0.10834	0.04150	0.01521	0.00533	0.00179	0.00058	0.00018	0.00005	0.00001	0.00000	0.00000	0.00000	0.00000	
0.00000	0.00000	0.00000	0.00000	0.00000	0.00000	0.00001	0.00004	0.00013	0.00043	0.00136	0.00412	0.01194	0.03313	0.08795	0.22345	0.54322	1.26379	2.81359	5.99429	12.22097	23.84321	44.51585	79.53451	135.98389	222.48983	288.70541	333.04432	367.26699	394.56822	416.50317	433.97243	447.54374	457.58907	464.35186	467.98278	468.55868	466.09152	460.52965	451.75199	439.55337	423.61626	403.45823	378.32854	346.98055	307.05549	252.46054	164.74384	97.97668	55.76057	30.36844	15.82737	7.89380	3.76751	1.72073	0.75208	0.31456	0.12590	0.04822	0.01768	0.00620	0.00208	0.00067	0.00021	0.00006	0.00002	0.00000	0.00000	0.00000	0.00000	
0.00000	0.00000	0.00000	0.00000	0.00000	0.00000	0.00001	0.00004	0.00015	0.00048	0.00153	0.00462	0.01339	0.03716	0.09865	0.25062	0.60927	1.41745	3.15569	6.72313	13.70691	26.74229	49.92851	89.20507	152.51810	243.17143	302.13621	344.37237	377.42505	403.96868	425.37837	442.47228	455.77451	465.63199	472.27333	475.84062	476.40653	473.98237	468.51929	459.90295	447.94033	432.33442	412.63788	388.16392	357.79676	319.50899	268.60234	184.77495	109.88962	62.54047	34.06093	17.75181	8.85360	4.22560	1.92995	0.84352	0.35281	0.14121	0.05409	0.01982	0.00695	0.00233	0.00075	0.00023	0.00007	0.00002	0.00001	0.00000	0.00000	0.00000	
0.00000	0.00000	0.00000	0.00000	0.00000	0.00000	0.00001	0.00005	0.00016	0.00052	0.00165	0.00500	0.01450	0.04022	0.10678	0.27128	0.65952	1.53434	3.41592	7.27756	14.83726	28.94762	54.04592	96.56146	165.09565	255.22632	310.97512	351.94696	384.26485	410.32325	431.39274	448.24182	461.36772	471.10171	477.66305	481.18837	481.74769	479.35190	473.95392	465.44373	453.63597	438.24652	418.84979	394.79787	365.05225	327.77053	278.91806	200.01260	118.95177	67.69793	36.86980	19.21573	9.58372	4.57406	2.08911	0.91308	0.38190	0.15286	0.05855	0.02146	0.00753	0.00253	0.00081	0.00025	0.00007	0.00002	0.00001	0.00000	0.00000	0.00000	
0.00000	0.00000	0.00000	0.00000	0.00000	0.00000	0.00001	0.00005	0.00016	0.00054	0.00172	0.00523	0.01515	0.04202	0.11156	0.28341	0.68900	1.60294	3.56864	7.60292	15.50060	30.24179	56.46216	100.87845	172.47661	261.46318	315.72042	356.04798	387.98263	413.78515	434.67408	451.39268	464.42434	474.09221	480.61066	484.11346	484.66924	482.28868	476.92562	468.47229	456.74737	441.47341	422.23608	398.40736	368.98752	332.22430	284.38215	208.95460	124.26977	70.72451	38.51814	20.07482	10.01218	4.77856	2.18251	0.95391	0.39898	0.15969	0.06116	0.02242	0.00786	0.00264	0.00085	0.00026	0.00008	0.00002	0.00001	0.00000	0.00000	0.00000	
0.00000	0.00000	0.00000	0.00000	0.00000	0.00000	0.00001	0.00005	0.00017	0.00055	0.00174	0.00527	0.01527	0.04237	0.11248	0.28575	0.69470	1.61619	3.59814	7.66576	15.62872	30.49175	56.92885	101.71226	173.90222	262.60969	316.60362	356.81376	388.67794	414.43319	435.28869	451.98308	464.99724	474.65283	481.16330	484.66192	485.21704	482.83930	477.48274	469.03998	457.33044	442.07792	422.87013	399.08268	369.72287	333.05455	285.39416	210.68171	125.29692	71.30908	38.83651	20.24074	10.09494	4.81805	2.20055	0.96179	0.40227	0.16101	0.06167	0.02260	0.00793	0.00266	0.00085	0.00026	0.00008	0.00002	0.00001	0.00000	0.00000	0.00000	
0.00000	0.00000	0.00000	0.00000	0.00000	0.00000	0.00001	0.00005	0.00016	0.00053	0.00169	0.00513	0.01486	0.04123	0.10945	0.27807	0.67601	1.57270	3.50133	7.45951	15.20822	29.67137	55.39717	98.97569	169.22337	258.77883	313.66544	354.26920	386.36886	412.28178	433.24873	450.02374	463.09617	472.79265	479.32967	482.84222	483.39953	481.01237	475.63420	467.15626	455.39550	440.07159	420.76537	396.84030	367.28005	330.29408	282.02156	205.01332	121.92580	69.39051	37.79161	19.69617	9.82333	4.68842	2.14134	0.93591	0.39145	0.15668	0.06001	0.02200	0.00772	0.00259	0.00083	0.00026	0.00008	0.00002	0.00001	0.00000	0.00000	0.00000	
0.00000	0.00000	0.00000	0.00000	0.00000	0.00000	0.00001	0.00004	0.00015	0.00050	0.00159	0.00481	0.01396	0.03872	0.10279	0.26115	0.63487	1.47701	3.28828	7.00561	14.28282	27.86591	52.02633	92.95314	158.92635	249.57042	306.76762	348.33045	380.99468	407.28268	428.51352	445.47887	458.68859	468.48133	475.08074	478.62603	479.18849	476.77920	471.35023	462.78954	450.90814	435.41585	415.87685	391.62503	361.58593	323.83202	274.03199	192.53852	114.50677	65.16819	35.49204	18.49768	9.22560	4.40314	2.01104	0.87896	0.36763	0.14714	0.05636	0.02066	0.00725	0.00243	0.00078	0.00024	0.00007	0.00002	0.00001	0.00000	0.00000	0.00000	
0.00000	0.00000	0.00000	0.00000	0.00000	0.00000	0.00001	0.00004	0.00014	0.00046	0.00144	0.00436	0.01265	0.03510	0.09317	0.23670	0.57544	1.33875	2.98047	6.34982	12.94583	25.25742	47.15623	84.25195	144.04951	233.62769	295.55096	338.78867	372.40688	399.31904	420.98514	438.26269	451.69676	461.64637	468.34732	471.94584	472.51666	470.07139	464.55982	455.86434	443.78603	428.01798	408.09594	383.30251	352.45988	313.38644	260.77224	174.51530	103.78798	59.06790	32.16969	16.76614	8.36200	3.99097	1.82279	0.79669	0.33322	0.13337	0.05108	0.01872	0.00657	0.00220	0.00071	0.00022	0.00006	0.00002	0.00000	0.00000	0.00000	0.00000	
0.00000	0.00000	0.00000	0.00000	0.00000	0.00000	0.00001	0.00003	0.00012	0.00040	0.00126	0.00382	0.01107	0.03070	0.08150	0.20706	0.50338	1.17110	2.60724	5.55467	11.32469	22.09455	41.25107	73.70147	126.01086	206.17249	279.29967	325.26402	360.34487	388.18974	410.49707	428.23043	441.99014	452.16655	459.01391	462.68908	463.27193	460.77487	455.14426	446.25413	433.89050	417.72085	397.23671	371.63899	339.57882	298.42167	240.62935	152.66157	90.79110	51.67110	28.14123	14.66660	7.31487	3.49120	1.59453	0.69692	0.29149	0.11667	0.04469	0.01638	0.00575	0.00193	0.00062	0.00019	0.00006	0.00002	0.00000	0.00000	0.00000	0.00000	
0.00000	0.00000	0.00000	0.00000	0.00000	0.00000	0.00001	0.00003	0.00010	0.00034	0.00106	0.00322	0.00934	0.02592	0.06881	0.17481	0.42499	0.98871	2.20119	4.68959	9.56099	18.65356	34.82666	62.22325	106.38601	174.06331	256.51547	307.09922	344.38543	373.57850	396.79234	415.16148	429.37143	439.85960	446.90749	450.68739	451.28667	448.71888	442.92539	433.76813	421.01097	404.28327	383.00910	356.26024	322.40032	277.92884	207.38799	128.88615	76.65135	43.62388	23.75853	12.38243	6.17566	2.94748	1.34620	0.58838	0.24609	0.09850	0.03773	0.01383	0.00485	0.00163	0.00052	0.00016	0.00005	0.00001	0.00000	0.00000	0.00000	0.00000	
0.00000	0.00000	0.00000	0.00000	0.00000	0.00000	0.00001	0.00002	0.00008	0.00027	0.00087	0.00263	0.00761	0.02112	0.05607	0.14244	0.34628	0.80562	1.79355	3.82113	7.79040	15.19913	28.37714	50.70019	86.68448	141.82869	222.06378	283.08763	323.83549	354.99375	379.48332	398.72916	413.55205	424.46113	431.77829	435.69840	436.31965	433.65723	427.64534	418.12826	404.83729	387.34430	364.96819	336.56789	299.98325	249.67165	168.98200	105.01784	62.45636	35.54521	19.35871	10.08934	5.03199	2.40164	1.09690	0.47942	0.20052	0.08026	0.03074	0.01127	0.00395	0.00133	0.00043	0.00013	0.00004	0.00001	0.00000	0.00000	0.00000	0.00000	
0.00000	0.00000	0.00000	0.00000	0.00000	0.00000	0.00001	0.00002	0.00007	0.00022	0.00068	0.00207	0.00599	0.01661	0.04409	0.11201	0.27231	0.63353	1.41043	3.00489	6.12628	11.95242	22.31546	39.87005	68.16769	111.53246	174.62841	250.50998	297.47290	331.64306	357.97385	378.44517	394.10843	405.58754	413.26657	417.37427	418.02486	415.23595	408.93114	398.92841	384.90945	366.35569	342.41166	311.55030	270.46910	204.61897	132.88551	82.58483	49.11496	27.95235	15.22347	7.93414	3.95710	1.88862	0.86259	0.37701	0.15769	0.06311	0.02417	0.00886	0.00311	0.00104	0.00034	0.00010	0.00003	0.00001	0.00000	0.00000	0.00000	0.00000	
0.00000	0.00000	0.00000	0.00000	0.00000	0.00000	0.00000	0.00001	0.00005	0.00016	0.00052	0.00157	0.00454	0.01261	0.03346	0.08501	0.20667	0.48082	1.07046	2.28058	4.64959	9.07138	16.93649	30.25967	51.73638	84.64840	132.53556	198.58065	262.70699	302.12600	331.29199	353.54850	370.39848	382.66747	390.84215	395.20512	395.89554	392.93475	386.22994	375.55768	360.51913	340.44119	314.14327	279.24968	228.24820	155.29712	100.85447	62.67838	37.27617	21.21465	11.55397	6.02168	3.00327	1.43338	0.65467	0.28614	0.11968	0.04790	0.01835	0.00672	0.00236	0.00079	0.00025	0.00008	0.00002	0.00001	0.00000	0.00000	0.00000	0.00000	
0.00000	0.00000	0.00000	0.00000	0.00000	0.00000	0.00000	0.00001	0.00004	0.00012	0.00038	0.00115	0.00333	0.00923	0.02451	0.06227	0.15139	0.35219	0.78409	1.67049	3.40574	6.64464	12.40570	22.16471	37.89604	62.00356	97.08010	145.45705	208.55961	263.40310	297.65412	322.75003	341.38310	354.80150	363.68397	368.40771	369.15420	365.95101	358.67772	347.03929	330.49039	308.05007	277.77034	234.12672	167.61790	113.75257	73.87423	45.91088	27.30418	15.53938	8.46309	4.41078	2.19985	1.04993	0.47953	0.20959	0.08766	0.03509	0.01344	0.00493	0.00173	0.00058	0.00019	0.00006	0.00002	0.00000	0.00000	0.00000	0.00000	0.00000	
0.00000	0.00000	0.00000	0.00000	0.00000	0.00000	0.00000	0.00001	0.00003	0.00008	0.00027	0.00081	0.00235	0.00653	0.01733	0.04402	0.10702	0.24898	0.55430	1.18092	2.40763	4.69731	8.76999	15.66896	26.78996	43.83235	68.62911	102.82836	147.43764	202.29945	252.76283	283.47507	305.16282	320.42440	330.40234	335.67417	336.50525	332.93524	324.78967	311.62649	292.56729	265.77291	225.34859	167.08929	118.49460	80.41543	52.22412	32.45591	19.30222	10.98530	5.98284	3.11812	1.55514	0.74223	0.33900	0.14817	0.06197	0.02480	0.00950	0.00348	0.00122	0.00041	0.00013	0.00004	0.00001	0.00000	0.00000	0.00000	0.00000	0.00000	
0.00000	0.00000	0.00000	0.00000	0.00000	0.00000	0.00000	0.00001	0.00002	0.00006	0.00018	0.00055	0.00161	0.00445	0.01182	0.03003	0.07302	0.16987	0.37818	0.80571	1.64266	3.20485	5.98353	10.69052	18.27808	29.90565	46.82382	70.15706	100.59279	138.02355	181.23014	227.31046	257.19080	276.20777	288.21139	294.45266	295.43103	291.21786	281.49301	265.36323	240.51482	198.64606	153.83249	114.00059	80.84572	54.86531	35.63113	22.14380	13.16939	7.49498	4.08193	2.12741	1.06103	0.50640	0.23129	0.10109	0.04228	0.01692	0.00648	0.00238	0.00083	0.00028	0.00009	0.00003	0.00001	0.00000	0.00000	0.00000	0.00000	0.00000	
0.00000	0.00000	0.00000	0.00000	0.00000	0.00000	0.00000	0.00000	0.00001	0.00004	0.00012	0.00036	0.00106	0.00293	0.00778	0.01978	0.04808	0.11186	0.24902	0.53054	1.08165	2.11031	3.94000	7.03943	12.03564	19.69210	30.83228	46.19662	66.23776	90.88495	119.33538	149.94686	180.30030	207.46575	227.92544	237.26990	238.66827	232.53535	216.30165	191.14161	161.63728	130.80332	101.29473	75.06645	53.23482	36.12740	23.46218	14.58113	8.67171	4.93525	2.68785	1.40085	0.69866	0.33345	0.15230	0.06656	0.02784	0.01114	0.00427	0.00156	0.00055	0.00018	0.00006	0.00002	0.00001	0.00000	0.00000	0.00000	0.00000	0.00000	
0.00000	0.00000	0.00000	0.00000	0.00000	0.00000	0.00000	0.00000	0.00001	0.00002	0.00008	0.00023	0.00067	0.00186	0.00495	0.01257	0.03055	0.07108	0.15826	0.33716	0.68740	1.34111	2.50389	4.47359	7.64871	12.51443	19.59408	29.35819	42.09444	57.75786	75.83826	95.29202	114.58178	131.84557	145.17988	152.98125	154.26268	148.85879	137.46083	121.47149	102.72134	83.12619	64.37333	47.70512	33.83101	22.95915	14.91034	9.26638	5.51092	3.13638	1.70814	0.89025	0.44400	0.21191	0.09679	0.04230	0.01769	0.00708	0.00271	0.00099	0.00035	0.00012	0.00004	0.00001	0.00000	0.00000	0.00000	0.00000	0.00000	0.00000	
0.00000	0.00000	0.00000	0.00000	0.00000	0.00000	0.00000	0.00000	0.00000	0.00001	0.00005	0.00014	0.00041	0.00114	0.00303	0.00771	0.01874	0.04360	0.09706	0.20679	0.42161	0.82256	1.53573	2.74382	4.69124	7.67557	12.01778	18.00648	25.81810	35.42506	46.51444	58.44616	70.27729	80.86582	89.04425	93.82912	94.61507	91.30066	84.30987	74.50301	63.00284	50.98440	39.48257	29.25934	20.74982	14.08170	9.14507	5.68342	3.38005	1.92366	1.04767	0.54602	0.27232	0.12997	0.05936	0.02595	0.01085	0.00434	0.00166	0.00061	0.00021	0.00007	0.00002	0.00001	0.00000	0.00000	0.00000	0.00000	0.00000	0.00000	
0.00000	0.00000	0.00000	0.00000	0.00000	0.00000	0.00000	0.00000	0.00000	0.00001	0.00003	0.00008	0.00024	0.00068	0.00180	0.00456	0.01109	0.02581	0.05746	0.12241	0.24957	0.48691	0.90907	1.62419	2.77695	4.54350	7.11384	10.65881	15.28284	20.96961	27.53389	34.59679	41.60014	47.86794	52.70911	55.54148	56.00672	54.04477	49.90662	44.10152	37.29408	30.17985	23.37143	17.31985	12.28271	8.33556	5.41336	3.36426	2.00080	1.13869	0.62016	0.32321	0.16120	0.07694	0.03514	0.01536	0.00642	0.00257	0.00098	0.00036	0.00013	0.00004	0.00001	0.00000	0.00000	0.00000	0.00000	0.00000	0.00000	0.00000	
0.00000	0.00000	0.00000	0.00000	0.00000	0.00000	0.00000	0.00000	0.00000	0.00001	0.00002	0.00005	0.00014	0.00039	0.00103	0.00261	0.00634	0.01474	0.03282	0.06993	0.14258	0.27817	0.51934	0.92789	1.58646	2.59568	4.06410	6.08932	8.73100	11.97982	15.72996	19.76496	23.76594	27.34670	30.11243	31.73054	31.99633	30.87549	28.51138	25.19496	21.30591	17.24159	13.35197	9.89474	7.01705	4.76206	3.09262	1.92198	1.14304	0.65053	0.35429	0.18465	0.09209	0.04395	0.02007	0.00877	0.00367	0.00147	0.00056	0.00021	0.00007	0.00002	0.00001	0.00000	0.00000	0.00000	0.00000	0.00000	0.00000	0.00000	
0.00000	0.00000	0.00000	0.00000	0.00000	0.00000	0.00000	0.00000	0.00000	0.00000	0.00001	0.00003	0.00008	0.00021	0.00057	0.00144	0.00349	0.00813	0.01810	0.03856	0.07861	0.15337	0.28635	0.51161	0.87472	1.43117	2.24081	3.35745	4.81398	6.60527	8.67298	10.89774	13.10374	15.07805	16.60298	17.49516	17.64171	17.02371	15.72022	13.89166	11.74736	9.50643	7.36183	5.45563	3.86896	2.62564	1.70517	1.05972	0.63024	0.35868	0.19535	0.10181	0.05078	0.02423	0.01107	0.00484	0.00202	0.00081	0.00031	0.00011	0.00004	0.00001	0.00000	0.00000	0.00000	0.00000	0.00000	0.00000	0.00000	0.00000	
0.00000	0.00000	0.00000	0.00000	0.00000	0.00000	0.00000	0.00000	0.00000	0.00000	0.00000	0.00001	0.00004	0.00011	0.00030	0.00076	0.00186	0.00433	0.00963	0.02052	0.04183	0.08161	0.15238	0.27224	0.46547	0.76157	1.19241	1.78661	2.56168	3.51489	4.61518	5.79905	6.97294	8.02354	8.83501	9.30976	9.38775	9.05889	8.36526	7.39222	6.25117	5.05869	3.91748	2.90312	2.05881	1.39719	0.90738	0.56391	0.33537	0.19087	0.10395	0.05418	0.02702	0.01290	0.00589	0.00257	0.00108	0.00043	0.00017	0.00006	0.00002	0.00001	0.00000	0.00000	0.00000	0.00000	0.00000	0.00000	0.00000	0.00000	
0.00000	0.00000	0.00000	0.00000	0.00000	0.00000	0.00000	0.00000	0.00000	0.00000	0.00000	0.00001	0.00002	0.00006	0.00015	0.00039	0.00095	0.00222	0.00495	0.01054	0.02148	0.04191	0.07826	0.13982	0.23905	0.39112	0.61239	0.91755	1.31561	1.80515	2.37023	2.97823	3.58111	4.12066	4.53741	4.78123	4.82128	4.65239	4.29616	3.79643	3.21042	2.59800	2.01191	1.49096	1.05734	0.71756	0.46600	0.28961	0.17224	0.09802	0.05339	0.02782	0.01388	0.00662	0.00302	0.00132	0.00055	0.00022	0.00008	0.00003	0.00001	0.00000	0.00000	0.00000	0.00000	0.00000	0.00000	0.00000	0.00000	0.00000	
0.00000	0.00000	0.00000	0.00000	0.00000	0.00000	0.00000	0.00000	0.00000	0.00000	0.00000	0.00000	0.00001	0.00003	0.00008	0.00019	0.00047	0.00110	0.00245	0.00522	0.01065	0.02078	0.03879	0.06930	0.11849	0.19386	0.30353	0.45479	0.65209	0.89473	1.17482	1.47618	1.77500	2.04244	2.24900	2.36985	2.38970	2.30599	2.12942	1.88173	1.59127	1.28772	0.99722	0.73901	0.52408	0.35566	0.23098	0.14355	0.08537	0.04859	0.02646	0.01379	0.00688	0.00328	0.00150	0.00066	0.00027	0.00011	0.00004	0.00002	0.00001	0.00000	0.00000	0.00000	0.00000	0.00000	0.00000	0.00000	0.00000	0.00000	
0.00000	0.00000	0.00000	0.00000	0.00000	0.00000	0.00000	0.00000	0.00000	0.00000	0.00000	0.00000	0.00000	0.00001	0.00004	0.00009	0.00023	0.00053	0.00117	0.00250	0.00509	0.00994	0.01855	0.03315	0.05668	0.09274	0.14520	0.21756	0.31194	0.42801	0.56200	0.70616	0.84910	0.97704	1.07585	1.13366	1.14316	1.10311	1.01865	0.90016	0.76121	0.61600	0.47704	0.35352	0.25070	0.17014	0.11049	0.06867	0.04084	0.02324	0.01266	0.00660	0.00329	0.00157	0.00072	0.00031	0.00013	0.00005	0.00002	0.00001	0.00000	0.00000	0.00000	0.00000	0.00000	0.00000	0.00000	0.00000	0.00000	0.00000	
0.00000	0.00000	0.00000	0.00000	0.00000	0.00000	0.00000	0.00000	0.00000	0.00000	0.00000	0.00000	0.00000	0.00001	0.00002	0.00004	0.00010	0.00024	0.00054	0.00115	0.00235	0.00459	0.00857	0.01531	0.02617	0.04282	0.06704	0.10044	0.14402	0.19760	0.25946	0.32602	0.39201	0.45108	0.49670	0.52339	0.52777	0.50929	0.47029	0.41559	0.35144	0.28440	0.22024	0.16321	0.11574	0.07855	0.05101	0.03170	0.01885	0.01073	0.00584	0.00305	0.00152	0.00073	0.00033	0.00014	0.00006	0.00002	0.00001	0.00000	0.00000	0.00000	0.00000	0.00000	0.00000	0.00000	0.00000	0.00000	0.00000	0.00000	
0.00000	0.00000	0.00000	0.00000	0.00000	0.00000	0.00000	0.00000	0.00000	0.00000	0.00000	0.00000	0.00000	0.00000	0.00001	0.00002	0.00005	0.00011	0.00024	0.00051	0.00105	0.00204	0.00382	0.00682	0.01166	0.01908	0.02987	0.04475	0.06417	0.08805	0.11561	0.14527	0.17467	0.20099	0.22132	0.23321	0.23516	0.22693	0.20955	0.18518	0.15659	0.12672	0.09813	0.07272	0.05157	0.03500	0.02273	0.01413	0.00840	0.00478	0.00260	0.00136	0.00068	0.00032	0.00015	0.00006	0.00003	0.00001	0.00000	0.00000	0.00000	0.00000	0.00000	0.00000	0.00000	0.00000	0.00000	0.00000	0.00000	0.00000	
0.00000	0.00000	0.00000	0.00000	0.00000	0.00000	0.00000	0.00000	0.00000	0.00000	0.00000	0.00000	0.00000	0.00000	0.00000	0.00001	0.00002	0.00005	0.00010	0.00022	0.00045	0.00088	0.00164	0.00293	0.00501	0.00820	0.01285	0.01925	0.02760	0.03786	0.04972	0.06247	0.07512	0.08643	0.09517	0.10029	0.10113	0.09759	0.09011	0.07963	0.06734	0.05449	0.04220	0.03127	0.02218	0.01505	0.00977	0.00607	0.00361	0.00206	0.00112	0.00058	0.00029	0.00014	0.00006	0.00003	0.00001	0.00000	0.00000	0.00000	0.00000	0.00000	0.00000	0.00000	0.00000	0.00000	0.00000	0.00000	0.00000	0.00000	
0.00000	0.00000	0.00000	0.00000	0.00000	0.00000	0.00000	0.00000	0.00000	0.00000	0.00000	0.00000	0.00000	0.00000	0.00000	0.00000	0.00001	0.00002	0.00004	0.00009	0.00019	0.00036	0.00068	0.00122	0.00208	0.00340	0.00533	0.00799	0.01145	0.01571	0.02063	0.02593	0.03118	0.03587	0.03950	0.04162	0.04197	0.04050	0.03740	0.03305	0.02795	0.02262	0.01751	0.01298	0.00920	0.00625	0.00406	0.00252	0.00150	0.00085	0.00046	0.00024	0.00012	0.00006	0.00003	0.00001	0.00000	0.00000	0.00000	0.00000	0.00000	0.00000	0.00000	0.00000	0.00000	0.00000	0.00000	0.00000	0.00000	0.00000	
0.00000	0.00000	0.00000	0.00000	0.00000	0.00000	0.00000	0.00000	0.00000	0.00000	0.00000	0.00000	0.00000	0.00000	0.00000	0.00000	0.00000	0.00001	0.00002	0.00004	0.00007	0.00015	0.00027	0.00049	0.00083	0.00136	0.00214	0.00320	0.00459	0.00629	0.00827	0.01039	0.01249	0.01437	0.01582	0.01667	0.01681	0.01622	0.01498	0.01324	0.01119	0.00906	0.00702	0.00520	0.00369	0.00250	0.00162	0.00101	0.00060	0.00034	0.00019	0.00010	0.00005	0.00002	0.00001	0.00000	0.00000	0.00000	0.00000	0.00000	0.00000	0.00000	0.00000	0.00000	0.00000	0.00000	0.00000	0.00000	0.00000	0.00000	
0.00000	0.00000	0.00000	0.00000	0.00000	0.00000	0.00000	0.00000	0.00000	0.00000	0.00000	0.00000	0.00000	0.00000	0.00000	0.00000	0.00000	0.00000	0.00001	0.00001	0.00003	0.00006	0.00011	0.00019	0.00032	0.00053	0.00083	0.00124	0.00177	0.00243	0.00320	0.00401	0.00483	0.00555	0.00612	0.00645	0.00650	0.00627	0.00579	0.00512	0.00433	0.00350	0.00271	0.00201	0.00143	0.00097	0.00063	0.00039	0.00023	0.00013	0.00007	0.00004	0.00002	0.00001	0.00000	0.00000	0.00000	0.00000	0.00000	0.00000	0.00000	0.00000	0.00000	0.00000	0.00000	0.00000	0.00000	0.00000	0.00000	0.00000	
0.00000	0.00000	0.00000	0.00000	0.00000	0.00000	0.00000	0.00000	0.00000	0.00000	0.00000	0.00000	0.00000	0.00000	0.00000	0.00000	0.00000	0.00000	0.00000	0.00001	0.00001	0.00002	0.00004	0.00007	0.00012	0.00020	0.00031	0.00046	0.00066	0.00091	0.00119	0.00150	0.00180	0.00207	0.00228	0.00240	0.00242	0.00234	0.00216	0.00191	0.00161	0.00131	0.00101	0.00075	0.00053	0.00036	0.00023	0.00015	0.00009	0.00005	0.00003	0.00001	0.00001	0.00000	0.00000	0.00000	0.00000	0.00000	0.00000	0.00000	0.00000	0.00000	0.00000	0.00000	0.00000	0.00000	0.00000	0.00000	0.00000	0.00000	
0.00000	0.00000	0.00000	0.00000	0.00000	0.00000	0.00000	0.00000	0.00000	0.00000	0.00000	0.00000	0.00000	0.00000	0.00000	0.00000	0.00000	0.00000	0.00000	0.00000	0.00000	0.00001	0.00001	0.00003	0.00004	0.00007	0.00011	0.00017	0.00024	0.00033	0.00043	0.00054	0.00065	0.00075	0.00082	0.00087	0.00087	0.00084	0.00078	0.00069	0.00058	0.00047	0.00036	0.00027	0.00019	0.00013	0.00008	0.00005	0.00003	0.00002	0.00001	0.00001	0.00000	0.00000	0.00000	0.00000	0.00000	0.00000	0.00000	0.00000	0.00000	0.00000	0.00000	0.00000	0.00000	0.00000	0.00000	0.00000	0.00000	0.00000	
0.00000	0.00000	0.00000	0.00000	0.00000	0.00000	0.00000	0.00000	0.00000	0.00000	0.00000	0.00000	0.00000	0.00000	0.00000	0.00000	0.00000	0.00000	0.00000	0.00000	0.00000	0.00000	0.00000	0.00001	0.00002	0.00002	0.00004	0.00006	0.00008	0.00011	0.00015	0.00019	0.00023	0.00026	0.00029	0.00030	0.00030	0.00029	0.00027	0.00024	0.00020	0.00016	0.00013	0.00009	0.00007	0.00005	0.00003	0.00002	0.00001	0.00001	0.00000	0.00000	0.00000	0.00000	0.00000	0.00000	0.00000	0.00000	0.00000	0.00000	0.00000	0.00000	0.00000	0.00000	0.00000	0.00000	0.00000	0.00000	0.00000	0.00000	
0.00000	0.00000	0.00000	0.00000	0.00000	0.00000	0.00000	0.00000	0.00000	0.00000	0.00000	0.00000	0.00000	0.00000	0.00000	0.00000	0.00000	0.00000	0.00000	0.00000	0.00000	0.00000	0.00000	0.00000	0.00001	0.00001	0.00001	0.00002	0.00003	0.00004	0.00005	0.00006	0.00008	0.00009	0.00010	0.00010	0.00010	0.00010	0.00009	0.00008	0.00007	0.00005	0.00004	0.00003	0.00002	0.00002	0.00001	0.00001	0.00000	0.00000	0.00000	0.00000	0.00000	0.00000	0.00000	0.00000	0.00000	0.00000	0.00000	0.00000	0.00000	0.00000	0.00000	0.00000	0.00000	0.00000	0.00000	0.00000	0.00000	0.00000	
0.00000	0.00000	0.00000	0.00000	0.00000	0.00000	0.00000	0.00000	0.00000	0.00000	0.00000	0.00000	0.00000	0.00000	0.00000	0.00000	0.00000	0.00000	0.00000	0.00000	0.00000	0.00000	0.00000	0.00000	0.00000	0.00000	0.00000	0.00001	0.00001	0.00001	0.00002	0.00002	0.00002	0.00003	0.00003	0.00003	0.00003	0.00003	0.00003	0.00003	0.00002	0.00002	0.00001	0.00001	0.00001	0.00000	0.00000	0.00000	0.00000	0.00000	0.00000	0.00000	0.00000	0.00000	0.00000	0.00000	0.00000	0.00000	0.00000	0.00000	0.00000	0.00000	0.00000	0.00000	0.00000	0.00000	0.00000	0.00000	0.00000	0.00000	
0.00000	0.00000	0.00000	0.00000	0.00000	0.00000	0.00000	0.00000	0.00000	0.00000	0.00000	0.00000	0.00000	0.00000	0.00000	0.00000	0.00000	0.00000	0.00000	0.00000	0.00000	0.00000	0.00000	0.00000	0.00000	0.00000	0.00000	0.00000	0.00000	0.00000	0.00001	0.00001	0.00001	0.00001	0.00001	0.00001	0.00001	0.00001	0.00001	0.00001	0.00001	0.00001	0.00000	0.00000	0.00000	0.00000	0.00000	0.00000	0.00000	0.00000	0.00000	0.00000	0.00000	0.00000	0.00000	0.00000	0.00000	0.00000	0.00000	0.00000	0.00000	0.00000	0.00000	0.00000	0.00000	0.00000	0.00000	0.00000	0.00000	0.00000	
0.00000	0.00000	0.00000	0.00000	0.00000	0.00000	0.00000	0.00000	0.00000	0.00000	0.00000	0.00000	0.00000	0.00000	0.00000	0.00000	0.00000	0.00000	0.00000	0.00000	0.00000	0.00000	0.00000	0.00000	0.00000	0.00000	0.00000	0.00000	0.00000	0.00000	0.00000	0.00000	0.00000	0.00000	0.00000	0.00000	0.00000	0.00000	0.00000	0.00000	0.00000	0.00000	0.00000	0.00000	0.00000	0.00000	0.00000	0.00000	0.00000	0.00000	0.00000	0.00000	0.00000	0.00000	0.00000	0.00000	0.00000	0.00000	0.00000	0.00000	0.00000	0.00000	0.00000	0.00000	0.00000	0.00000	0.00000	0.00000	0.00000	0.00000	
0.00000	0.00000	0.00000	0.00000	0.00000	0.00000	0.00000	0.00000	0.00000	0.00000	0.00000	0.00000	0.00000	0.00000	0.00000	0.00000	0.00000	0.00000	0.00000	0.00000	0.00000	0.00000	0.00000	0.00000	0.00000	0.00000	0.00000	0.00000	0.00000	0.00000	0.00000	0.00000	0.00000	0.00000	0.00000	0.00000	0.00000	0.00000	0.00000	0.00000	0.00000	0.00000	0.00000	0.00000	0.00000	0.00000	0.00000	0.00000	0.00000	0.00000	0.00000	0.00000	0.00000	0.00000	0.00000	0.00000	0.00000	0.00000	0.00000	0.00000	0.00000	0.00000	0.00000	0.00000	0.00000	0.00000	0.00000	0.00000	0.00000	0.00000	
0.00000	0.00000	0.00000	0.00000	0.00000	0.00000	0.00000	0.00000	0.00000	0.00000	0.00000	0.00000	0.00000	0.00000	0.00000	0.00000	0.00000	0.00000	0.00000	0.00000	0.00000	0.00000	0.00000	0.00000	0.00000	0.00000	0.00000	0.00000	0.00000	0.00000	0.00000	0.00000	0.00000	0.00000	0.00000	0.00000	0.00000	0.00000	0.00000	0.00000	0.00000	0.00000	0.00000	0.00000	0.00000	0.00000	0.00000	0.00000	0.00000	0.00000	0.00000	0.00000	0.00000	0.00000	0.00000	0.00000	0.00000	0.00000	0.00000	0.00000	0.00000	0.00000	0.00000	0.00000	0.00000	0.00000	0.00000	0.00000	0.00000	0.00000	
0.00000	0.00000	0.00000	0.00000	0.00000	0.00000	0.00000	0.00000	0.00000	0.00000	0.00000	0.00000	0.00000	0.00000	0.00000	0.00000	0.00000	0.00000	0.00000	0.00000	0.00000	0.00000	0.00000	0.00000	0.00000	0.00000	0.00000	0.00000	0.00000	0.00000	0.00000	0.00000	0.00000	0.00000	0.00000	0.00000	0.00000	0.00000	0.00000	0.00000	0.00000	0.00000	0.00000	0.00000	0.00000	0.00000	0.00000	0.00000	0.00000	0.00000	0.00000	0.00000	0.00000	0.00000	0.00000	0.00000	0.00000	0.00000	0.00000	0.00000	0.00000	0.00000	0.00000	0.00000	0.00000	0.00000	0.00000	0.00000	0.00000	0.00000	
0.00000	0.00000	0.00000	0.00000	0.00000	0.00000	0.00000	0.00000	0.00000	0.00000	0.00000	0.00000	0.00000	0.00000	0.00000	0.00000	0.00000	0.00000	0.00000	0.00000	0.00000	0.00000	0.00000	0.00000	0.00000	0.00000	0.00000	0.00000	0.00000	0.00000	0.00000	0.00000	0.00000	0.00000	0.00000	0.00000	0.00000	0.00000	0.00000	0.00000	0.00000	0.00000	0.00000	0.00000	0.00000	0.00000	0.00000	0.00000	0.00000	0.00000	0.00000	0.00000	0.00000	0.00000	0.00000	0.00000	0.00000	0.00000	0.00000	0.00000	0.00000	0.00000	0.00000	0.00000	0.00000	0.00000	0.00000	0.00000	0.00000	0.00000	
