0 0.00180173
32 9.77085e-05
64 0.000414423
96 9.82806e-05
128 0.000122423
160 0.000263578
192 0.000457489
224 0.000135543
256 8.49165e-05
288 9.50991e-05
320 5.38191e-05
352 3.86181e-05
384 3.37502e-05
416 0.000108901
448 2.76827e-05
480 3.22985e-05
512 2.12986e-05
544 3.67006e-05
576 2.02139e-05
608 2.42988e-05
640 3.66333e-05
672 6.58932e-05
704 2.46526e-05
736 2.07037e-05
768 3.2522e-05
800 2.07302e-05
832 1.85197e-05
864 1.5908e-05
896 2.30577e-05
928 1.56526e-05
960 1.53103e-05
992 1.55369e-05
1024 6.89997e-05
1056 9.64655e-06
1088 9.17897e-06
1120 9.69366e-06
1152 2.21956e-05
1184 1.37683e-05
1216 1.3339e-05
1248 2.13143e-05
1280 1.81032e-05
1312 1.21074e-05
1344 1.11577e-05
1376 2.12365e-05
1408 1.17261e-05
1440 9.46402e-06
1472 9.21452e-06
1504 1.31496e-05
1536 1.0519e-05
1568 1.23128e-05
1600 8.89745e-06
1632 1.3181e-05
1664 1.3113e-05
1696 1.05331e-05
1728 1.74661e-05
1760 1.60632e-05
1792 1.03892e-05
1824 1.14784e-05
1856 2.24483e-05
1888 9.42605e-06
1920 1.23015e-05
1952 1.05766e-05
1984 3.14051e-05
2016 1.20161e-05
2048 7.30369e-05
2080 1.09556e-05
2112 1.05147e-05
2144 8.91729e-06
2176 7.55842e-06
2208 1.18928e-05
2240 7.5437e-06
2272 8.86809e-06
2304 9.70525e-06
2336 1.65328e-05
2368 8.74567e-06
2400 7.83434e-06
2432 7.66071e-06
2464 2.09424e-05
2496 1.01302e-05
2528 9.20036e-06
2560 1.36249e-05
2592 2.11501e-05
2624 1.02941e-05
2656 8.19728e-06
2688 1.0388e-05
2720 6.32139e-06
2752 6.21096e-06
2784 8.20064e-06
2816 1.8578e-05
2848 8.35402e-06
2880 7.78853e-06
2912 7.33264e-06
2944 2.16274e-05
2976 9.25681e-06
3008 6.3527e-06
3040 6.73951e-06
3072 3.67664e-05
3104 7.83478e-06
3136 6.41418e-06
3168 9.55582e-06
3200 5.87109e-06
3232 5.28893e-06
3264 5.81026e-06
3296 1.78341e-05
3328 6.92615e-06
3360 9.07777e-06
3392 4.18936e-06
3424 9.5394e-06
3456 5.15405e-06
3488 3.61431e-06
3520 6.60913e-06
3552 1.36408e-05
3584 8.2825e-06
3616 8.07481e-06
3648 5.08912e-06
3680 5.56406e-06
3712 6.04921e-06
3744 6.59754e-06
3776 1.3207e-05
3808 5.65289e-06
3840 5.72947e-06
3872 4.72862e-06
3904 1.2203e-05
3936 4.41913e-06
3968 5.62086e-06
4000 4.71044e-06
4032 4.31791e-06
4064 4.27672e-06
4096 8.14179e-06
4128 7.24853e-06
4160 5.75521e-06
4192 4.65746e-06
4224 4.3448e-06
4256 8.13477e-06
4288 3.84417e-06
4320 6.14566e-06
4352 4.14439e-06
4384 1.13849e-05
4416 4.64325e-06
4448 5.28129e-06
4480 6.0788e-06
4512 7.91199e-06
4544 4.29194e-06
4576 5.44988e-06
4608 7.86251e-06
4640 5.67268e-06
4672 5.83554e-06
4704 3.74839e-06
4736 5.51828e-06
4768 3.67254e-06
4800 4.3873e-06
4832 3.96975e-06
4864 3.60639e-06
4896 3.98228e-06
4928 5.00554e-06
4960 5.55257e-06
4992 5.13181e-06
5024 4.69089e-06
5056 4.19429e-06
5088 7.10991e-06
5120 5.54564e-06
5152 4.78506e-06
5184 3.43755e-06
5216 8.28045e-06
5248 3.21903e-06
5280 3.90093e-06
5312 3.90388e-06
5344 7.92421e-06
5376 3.97831e-06
5408 4.30973e-06
5440 6.24715e-06
5472 5.61289e-06
5504 4.08114e-06
5536 4.29288e-06
5568 4.94407e-06
5600 3.48103e-06
5632 4.8973e-06
5664 3.61883e-06
5696 4.37924e-06
5728 2.70746e-06
5760 3.31129e-06
5792 2.87029e-06
5824 5.48858e-06
5856 3.44874e-06
5888 3.45294e-06
5920 2.93283e-06
5952 4.40243e-06
5984 3.63557e-06
6016 2.95074e-06
6048 4.81469e-06
6080 5.14928e-06
6112 3.82547e-06
6144 4.05646e-06
6176 4.74511e-06
6208 4.44517e-06
6240 4.91662e-06
6272 3.30825e-06
6304 4.08614e-06
6336 2.97819e-06
6368 4.15941e-06
6400 3.67238e-06
6432 5.94891e-06
6464 4.99438e-06
6496 4.69466e-06
6528 3.74903e-06
6560 4.43009e-06
6592 4.095e-06
6624 3.14381e-06
6656 8.26861e-06
6688 4.2171e-06
6720 3.69739e-06
6752 3.70437e-06
6784 6.65594e-06
6816 3.53895e-06
6848 4.0963e-06
6880 4.5511e-06
6912 7.16906e-06
6944 4.15993e-06
6976 4.62923e-06
7008 4.58617e-06
7040 4.64905e-06
7072 4.487e-06
7104 4.03076e-06
7136 6.45067e-06
7168 5.79851e-06
7200 5.24173e-06
7232 4.22604e-06
7264 6.5182e-06
7296 4.10177e-06
7328 5.17698e-06
7360 5.7801e-06
7392 7.95009e-06
7424 4.17361e-06
7456 5.70064e-06
7488 1.10482e-05
7520 6.58424e-06
7552 7.79564e-06
7584 7.66843e-06
7616 1.61958e-05
7648 1.02773e-05
7680 1.02062e-05
7712 1.08669e-05
7744 1.36737e-05
7776 9.80754e-06
7808 2.45852e-05
7840 1.30706e-05
7872 1.0268e-05
7904 5.47111e-06
7936 1.04842e-05
7968 1.32139e-05
8000 1.5152e-05
8032 9.96831e-06
8064 3.19612e-05
8096 1.39923e-05
8128 1.24142e-05
8160 1.24894e-05
8192 1.82315e-05
8224 2.274e-05
8256 1.5034e-05
8288 1.46306e-05
8320 9.57403e-06
8352 1.4387e-05
8384 7.97655e-06
8416 7.99805e-06
8448 1.1093e-05
8480 1.02575e-05
8512 7.33363e-06
8544 7.82916e-06
8576 8.37366e-06
8608 1.03006e-05
8640 8.27481e-06
8672 8.29417e-06
8704 1.36333e-05
8736 1.0116e-05
8768 5.47074e-06
8800 6.30149e-06
8832 1.00591e-05
8864 5.84252e-06
8896 6.04684e-06
8928 6.40268e-06
8960 1.32543e-05
8992 7.52429e-06
9024 6.82496e-06
9056 1.12467e-05
9088 1.14059e-05
9120 1.06928e-05
9152 9.312e-06
9184 1.22394e-05
9216 1.25425e-05
9248 1.19934e-05
9280 1.15594e-05
9312 1.90215e-05
9344 1.37835e-05
9376 1.10628e-05
9408 1.3699e-05
9440 1.67409e-05
9472 1.39103e-05
9504 1.40016e-05
9536 1.48928e-05
9568 2.2704e-05
9600 1.52689e-05
9632 1.72084e-05
9664 2.0143e-05
9696 2.01069e-05
9728 1.51289e-05
9760 1.48801e-05
9792 2.30089e-05
9824 1.73442e-05
9856 1.87334e-05
9888 1.42649e-05
9920 2.0367e-05
9952 1.36895e-05
9984 1.23509e-05
10016 1.43479e-05
10048 1.42068e-05
10080 1.0662e-05
10112 9.68462e-06
10144 1.08445e-05
10176 1.17572e-05
10208 1.08279e-05
10240 9.32126e-06
10272 8.83364e-06
10304 1.06526e-05
10336 1.01908e-05
10368 8.35783e-06
10400 6.06081e-06
10432 7.57444e-06
10464 5.82506e-06
10496 6.33348e-06
10528 5.45034e-06
10560 6.26382e-06
10592 6.72897e-06
10624 5.89909e-06
10656 5.66338e-06
10688 6.59398e-06
10720 6.38173e-06
10752 4.98523e-06
10784 5.76032e-06
10816 5.18458e-06
10848 6.74154e-06
10880 5.79303e-06
10912 5.48586e-06
10944 4.80407e-06
10976 5.79578e-06
11008 5.4041e-06
11040 5.36196e-06
11072 5.27134e-06
11104 4.82947e-06
11136 6.11688e-06
11168 5.38883e-06
11200 4.2856e-06
11232 5.07073e-06
11264 5.12831e-06
11296 4.12058e-06
11328 6.38707e-06
11360 5.01234e-06
11392 5.00128e-06
11424 4.82754e-06
11456 4.88429e-06
11488 5.14544e-06
11520 4.83435e-06
11552 4.41698e-06
11584 5.33226e-06
11616 3.81945e-06
11648 4.92993e-06
11680 4.56699e-06
11712 5.19845e-06
11744 4.05662e-06
11776 6.09784e-06
11808 3.83328e-06
11840 5.0535e-06
11872 5.06368e-06
11904 5.67764e-06
11936 5.29174e-06
11968 6.40598e-06
12000 4.92982e-06
12032 5.74347e-06
12064 5.52464e-06
12096 5.70434e-06
12128 4.28128e-06
12160 4.40446e-06
12192 5.06564e-06
12224 4.81069e-06
12256 5.4379e-06
12288 3.74498e-06
12320 4.90879e-06
12352 6.58573e-06
12384 6.83352e-06
12416 5.00292e-06
12448 4.86695e-06
12480 4.97283e-06
12512 5.54114e-06
12544 5.08304e-06
12576 4.63562e-06
12608 5.24498e-06
12640 4.88835e-06
12672 4.66703e-06
12704 4.81448e-06
12736 5.01984e-06
12768 4.62764e-06
12800 6.39127e-06
12832 4.32495e-06
12864 4.09372e-06
12896 5.04696e-06
12928 4.65768e-06
12960 5.02129e-06
12992 4.66213e-06
13024 4.65879e-06
13056 4.62013e-06
13088 4.79606e-06
13120 4.45523e-06
13152 5.15034e-06
13184 4.90244e-06
13216 4.81501e-06
13248 3.85165e-06
13280 4.62906e-06
13312 4.7665e-06
13344 4.61516e-06
13376 4.78448e-06
13408 3.35869e-06
13440 5.14295e-06
13472 4.15839e-06
13504 4.89417e-06
13536 5.11194e-06
13568 4.89459e-06
13600 4.54562e-06
13632 6.27695e-06
13664 3.92722e-06
13696 4.77693e-06
13728 4.76625e-06
13760 5.0716e-06
13792 4.96446e-06
13824 4.72459e-06
13856 4.18132e-06
13888 3.968e-06
13920 4.7671e-06
13952 4.78078e-06
13984 4.42115e-06
14016 4.21271e-06
14048 4.666e-06
14080 4.16843e-06
14112 3.79391e-06
14144 4.6959e-06
14176 3.59983e-06
14208 3.2902e-06
14240 4.98328e-06
14272 4.58341e-06
14304 5.21419e-06
14336 4.48419e-06
14368 3.93832e-06
14400 4.92484e-06
14432 4.94146e-06
14464 5.4376e-06
14496 4.71149e-06
14528 4.72172e-06
14560 5.29833e-06
14592 5.03289e-06
14624 4.26187e-06
14656 3.597e-06
14688 4.00558e-06
14720 5.02353e-06
14752 4.59828e-06
14784 4.62317e-06
14816 4.43957e-06
14848 4.0128e-06
14880 4.62842e-06
14912 4.21641e-06
14944 4.21444e-06
14976 5.14217e-06
15008 3.73253e-06
15040 4.30531e-06
15072 5.17174e-06
15104 4.82956e-06
15136 4.52018e-06
15168 3.79465e-06
15200 4.57498e-06
15232 4.7447e-06
15264 4.5869e-06
15296 4.09006e-06
15328 4.93967e-06
15360 4.5266e-06
15392 1.15715e-05
15424 5.5024e-06
15456 4.46068e-06
15488 3.986e-06
15520 3.91053e-06
15552 4.16129e-06
15584 4.60132e-06
15616 4.6462e-06
15648 4.1266e-06
15680 4.39053e-06
15712 4.68651e-06
15744 3.64754e-06
15776 4.3093e-06
15808 4.50499e-06
15840 3.99975e-06
15872 4.1012e-06
15904 4.91566e-06
15936 3.82311e-06
15968 4.24172e-06
16000 3.76582e-06
16032 4.27004e-06
16064 4.16171e-06
16096 4.95731e-06
16128 8.79496e-06
16160 4.18699e-06
16192 3.36132e-06
16224 4.22935e-06
16256 3.52342e-06
16288 3.87134e-06
16320 3.96809e-06
16352 4.27225e-06
16384 4.93545e-06
16416 5.44891e-06
16448 5.69815e-06
16480 3.87083e-06
16512 5.16902e-06
16544 1.65969e-05
16576 6.04962e-06
16608 4.57684e-06
16640 7.31412e-06
16672 6.7966e-06
16704 5.93236e-06
16736 7.7507e-06
16768 9.24371e-06
16800 1.46033e-05
16832 7.204e-06
16864 1.16495e-05
16896 8.67954e-06
16928 8.97734e-06
16960 1.89057e-05
16992 1.27456e-05
17024 1.3695e-05
17056 2.05582e-05
17088 4.72358e-05
17120 0.000204476
17152 3.25587e-05
17184 1.73854e-05
17216 1.32741e-05
17248 9.60076e-06
17280 9.17908e-06
17312 7.17324e-06
17344 1.00824e-05
17376 2.03672e-05
17408 6.18398e-06
17440 5.11268e-06
17472 8.6864e-06
17504 5.35888e-06
17536 5.35671e-06
17568 4.78826e-06
17600 2.97791e-06
17632 3.74813e-06
17664 3.92929e-06
17696 4.23594e-06
17728 4.70079e-06
17760 4.0511e-06
17792 1.24298e-05
17824 4.74852e-06
17856 4.74994e-06
17888 3.36169e-06
17920 3.72424e-06
17952 4.17835e-06
17984 3.79472e-06
18016 4.00617e-06
18048 3.87242e-06
18080 4.11796e-06
18112 3.81378e-06
18144 3.84511e-06
18176 4.29187e-06
18208 8.82303e-06
18240 3.71517e-06
18272 3.8217e-06
18304 3.60345e-06
18336 3.91306e-06
18368 3.97767e-06
18400 4.23838e-06
18432 3.99241e-06
18464 3.94889e-06
18496 4.66155e-06
18528 4.0184e-06
18560 4.50284e-06
18592 4.68133e-06
18624 5.44591e-06
18656 5.7981e-06
18688 4.86477e-06
18720 5.13575e-06
18752 4.09981e-06
18784 5.18695e-06
18816 4.8667e-06
18848 5.46809e-06
18880 7.61388e-06
18912 1.02952e-05
18944 5.50838e-06
18976 5.7885e-06
19008 1.65277e-05
19040 1.3577e-05
19072 7.4015e-06
19104 9.16994e-06
19136 3.62884e-05
19168 1.13481e-05
19200 6.98303e-06
19232 8.74152e-06
19264 3.57792e-05
19296 7.57927e-06
19328 8.35843e-06
19360 1.16384e-05
19392 2.07179e-05
19424 8.06231e-06
19456 8.27578e-06
19488 1.17726e-05
19520 1.29466e-05
19552 2.05878e-05
19584 0.000118934
19616 3.09575e-05
19648 1.42825e-05
19680 9.40471e-06
19712 7.02548e-06
19744 8.30755e-06
19776 5.70082e-06
19808 6.11787e-06
19840 5.98541e-06
19872 6.98584e-06
19904 5.39667e-06
19936 5.92471e-06
19968 4.40004e-06
20000 5.249e-06
20032 4.27169e-06
20064 4.42582e-06
20096 4.78462e-06
20128 5.54449e-06
20160 5.3749e-06
20192 4.86539e-06
20224 6.67053e-06
20256 5.03713e-06
20288 4.76367e-06
20320 4.58251e-06
20352 4.62038e-06
20384 4.3559e-06
20416 4.35638e-06
20448 5.25914e-06
20480 5.09094e-06
20512 4.67693e-06
20544 5.60965e-06
20576 4.12535e-06
20608 4.79091e-06
20640 5.97751e-06
20672 4.443e-06
20704 5.01827e-06
20736 4.33923e-06
20768 5.45453e-06
20800 4.38357e-06
20832 3.92243e-06
20864 4.39718e-06
20896 4.34356e-06
20928 4.97826e-06
20960 4.47289e-06
20992 4.56842e-06
21024 4.6441e-06
21056 4.28588e-06
21088 3.52457e-06
21120 5.15691e-06
21152 3.88304e-06
21184 4.54072e-06
21216 4.11297e-06
21248 4.94308e-06
21280 5.0436e-06
21312 4.4428e-06
21344 4.76998e-06
21376 3.62762e-06
21408 5.39915e-06
21440 3.70913e-06
21472 4.93477e-06
21504 5.79683e-06
21536 6.72543e-06
21568 4.87258e-06
21600 4.55568e-06
21632 3.7101e-06
21664 4.4862e-06
21696 4.96822e-06
21728 4.53393e-06
21760 4.76017e-06
21792 5.37263e-06
21824 5.84786e-06
21856 3.96104e-06
21888 4.86215e-06
21920 4.94441e-06
21952 5.74745e-06
21984 3.96148e-06
22016 5.04977e-06
22048 5.02053e-06
22080 4.90828e-06
22112 5.5489e-06
22144 4.70399e-06
22176 4.24934e-06
22208 4.14826e-06
22240 4.71539e-06
22272 5.17973e-06
22304 5.23498e-06
22336 5.43498e-06
22368 6.43543e-06
22400 5.19145e-06
22432 4.91694e-06
22464 4.40924e-06
22496 5.00315e-06
22528 4.07608e-06
22560 4.64886e-06
22592 4.85975e-06
22624 5.26856e-06
22656 4.74119e-06
22688 5.30954e-06
22720 3.99158e-06
22752 4.98238e-06
22784 6.12885e-06
22816 5.22269e-06
22848 3.88012e-06
22880 5.16038e-06
22912 4.32663e-06
22944 5.25495e-06
22976 5.43693e-06
23008 4.03221e-06
23040 4.73823e-06
23072 4.41719e-06
23104 3.93188e-06
23136 4.73387e-06
23168 4.44676e-06
23200 5.96913e-06
23232 6.02856e-06
23264 3.94437e-06
23296 4.50853e-06
23328 3.99172e-06
23360 4.74469e-06
23392 4.57341e-06
23424 4.26889e-06
23456 5.47829e-06
23488 3.86727e-06
23520 4.09784e-06
23552 4.82961e-06
23584 4.10521e-06
23616 4.78969e-06
23648 4.98213e-06
23680 4.65287e-06
23712 5.23581e-06
23744 4.76226e-06
23776 4.39454e-06
23808 4.41673e-06
23840 4.57245e-06
23872 4.80801e-06
23904 5.00821e-06
23936 3.84534e-06
23968 4.24314e-06
24000 5.30694e-06
24032 4.19198e-06
24064 4.59457e-06
24096 4.73381e-06
24128 4.08476e-06
24160 4.19859e-06
24192 5.45261e-06
24224 4.48208e-06
24256 4.78517e-06
24288 4.82183e-06
24320 3.80685e-06
24352 4.48891e-06
24384 3.93673e-06
24416 4.94276e-06
24448 5.21074e-06
24480 6.02103e-06
24512 4.36822e-06
24544 4.64378e-06
24576 4.26596e-06
24608 4.99122e-06
24640 4.83513e-06
24672 3.87668e-06
24704 6.22056e-06
24736 4.56927e-06
24768 5.0792e-06
24800 5.16704e-06
24832 4.55962e-06
24864 5.07901e-06
24896 4.90384e-06
24928 5.48391e-06
24960 4.49693e-06
24992 3.79419e-06
25024 5.08139e-06
25056 5.69233e-06
25088 4.78741e-06
25120 4.55044e-06
25152 4.81009e-06
25184 4.05384e-06
25216 4.46828e-06
25248 5.30229e-06
25280 3.9939e-06
25312 4.61824e-06
25344 4.46522e-06
25376 5.29091e-06
25408 4.39893e-06
25440 4.47972e-06
25472 6.02632e-06
25504 4.74538e-06
25536 4.74543e-06
25568 5.46733e-06
25600 5.28354e-06
