0 0.00235419
2 0.000881472
4 0.000367198
6 0.000212335
8 0.000158415
10 0.000118107
12 0.000116207
14 8.48917e-05
16 8.08541e-05
18 6.69655e-05
20 8.64155e-05
22 5.88477e-05
24 5.86046e-05
26 4.38082e-05
28 8.01223e-05
30 4.01107e-05
32 5.49806e-05
34 3.29359e-05
36 6.3122e-05
38 3.69173e-05
40 6.27125e-05
42 3.84405e-05
44 5.60047e-05
46 3.04583e-05
48 5.80915e-05
50 3.44669e-05
52 4.41524e-05
54 2.52026e-05
56 5.92044e-05
58 3.85903e-05
60 0.00156082
62 3.08525e-05
64 4.46063e-05
66 4.57903e-05
68 4.64339e-05
70 3.18475e-05
72 4.07678e-05
74 3.53157e-05
76 4.32334e-05
78 4.12837e-05
80 4.24531e-05
82 3.33081e-05
84 3.66316e-05
86 3.8652e-05
88 4.19467e-05
90 3.9602e-05
92 5.20721e-05
94 5.41439e-05
96 3.66332e-05
98 3.84687e-05
100 3.51529e-05
102 4.39709e-05
104 2.9629e-05
106 3.68224e-05
108 3.05109e-05
110 4.61794e-05
112 2.52827e-05
114 3.63314e-05
116 2.55044e-05
118 4.33223e-05
120 0.000104438
122 4.02963e-05
124 2.87259e-05
126 4.09459e-05
128 2.08529e-05
130 4.09942e-05
132 1.85917e-05
134 4.44499e-05
136 1.86468e-05
138 4.10432e-05
140 1.36602e-05
142 3.91031e-05
144 1.75601e-05
146 4.27322e-05
148 4.90758e-05
150 3.8926e-05
152 2.25767e-05
154 3.946e-05
156 1.33397e-05
158 4.21387e-05
160 1.14484e-05
162 4.46804e-05
164 1.17537e-05
166 4.48347e-05
168 1.75809e-05
170 2.61319e-05
172 1.58176e-05
174 4.43618e-05
176 2.40089e-05
178 5.02422e-05
180 0.00229865
182 5.51187e-05
184 2.39934e-05
186 3.65709e-05
188 1.72885e-05
190 3.99403e-05
192 1.40786e-05
194 3.38254e-05
196 1.31316e-05
198 3.62634e-05
200 1.88881e-05
202 3.8447e-05
204 1.19378e-05
206 2.96817e-05
208 1.21984e-05
210 3.17108e-05
212 2.79294e-05
214 2.97044e-05
216 1.477e-05
218 2.96362e-05
220 1.82238e-05
222 2.44515e-05
224 1.50351e-05
226 2.46393e-05
228 2.21879e-05
230 2.61783e-05
232 1.33397e-05
234 2.23056e-05
236 1.55688e-05
238 2.63797e-05
240 6.88542e-05
242 2.4082e-05
244 1.77076e-05
246 1.96599e-05
248 1.78051e-05
250 1.98402e-05
252 1.64967e-05
254 1.21752e-05
256 1.78954e-05
258 2.40153e-05
260 1.5011e-05
262 1.26342e-05
264 1.49479e-05
266 1.9355e-05
268 2.08331e-05
270 1.56691e-05
272 1.70768e-05
274 1.18198e-05
276 1.17861e-05
278 1.55088e-05
280 1.61904e-05
282 1.21228e-05
284 1.43555e-05
286 1.37925e-05
288 2.04108e-05
290 8.92284e-06
292 1.02381e-05
294 1.25032e-05
296 1.71919e-05
298 2.50478e-05
300 0.000402436
302 2.47318e-05
304 1.85862e-05
306 9.88797e-06
308 1.05775e-05
310 1.05025e-05
312 2.10618e-05
314 1.1654e-05
316 1.23128e-05
318 1.40279e-05
320 1.13621e-05
322 1.79712e-05
324 9.82652e-06
326 9.41796e-06
328 1.10211e-05
330 1.21864e-05
332 1.52876e-05
334 4.76523e-05
336 1.06628e-05
338 1.27571e-05
340 1.24182e-05
342 1.14868e-05
344 8.73539e-06
346 7.55947e-06
348 1.31504e-05
350 1.41596e-05
352 1.05872e-05
354 1.21344e-05
356 1.46506e-05
358 2.51957e-05
360 6.55948e-05
362 1.29437e-05
364 7.71432e-06
366 1.00981e-05
368 1.14065e-05
370 9.99771e-06
372 1.04533e-05
374 9.64048e-06
376 1.39362e-05
378 9.8319e-06
380 6.54107e-06
382 1.47831e-05
384 8.66446e-06
386 1.02598e-05
388 1.22389e-05
390 1.23883e-05
392 1.22564e-05
394 1.48724e-05
396 1.22976e-05
398 8.95155e-06
400 1.18332e-05
402 8.42737e-06
404 1.208e-05
406 9.92799e-06
408 9.87948e-06
410 1.11432e-05
412 1.21381e-05
414 1.4967e-05
416 1.49322e-05
418 2.68075e-05
420 0.000380897
422 1.89944e-05
424 1.55157e-05
426 1.22624e-05
428 1.35555e-05
430 1.63626e-05
432 1.17158e-05
434 8.63993e-06
436 7.46585e-06
438 1.24953e-05
440 1.10025e-05
442 1.03878e-05
444 7.15953e-06
446 8.991e-06
448 1.19275e-05
450 8.77696e-06
452 1.69723e-05
454 9.09785e-06
456 8.79089e-06
458 1.01869e-05
460 1.0007e-05
462 1.15456e-05
464 8.57855e-06
466 1.11067e-05
468 1.06984e-05
470 1.22096e-05
472 9.92382e-06
474 1.37641e-05
476 1.6276e-05
478 2.81227e-05
480 3.57234e-05
482 1.63153e-05
484 8.91761e-06
486 1.16055e-05
488 1.0858e-05
490 1.48853e-05
492 8.92687e-06
494 1.06674e-05
496 1.17792e-05
498 1.50682e-05
500 1.12265e-05
502 9.99913e-06
504 8.22401e-06
506 1.40623e-05
508 1.1035e-05
510 9.32165e-06
512 2.56212e-05
514 1.71506e-05
516 1.16748e-05
518 1.21779e-05
520 1.03134e-05
522 1.16776e-05
524 1.3359e-05
526 1.0143e-05
528 7.24848e-06
530 1.25661e-05
532 1.1704e-05
534 1.63364e-05
536 1.03317e-05
538 2.81154e-05
540 0.000111476
542 1.37479e-05
544 1.12457e-05
546 1.19607e-05
548 7.70464e-06
550 1.19971e-05
552 5.86554e-06
554 9.95288e-06
556 1.18921e-05
558 9.78855e-06
560 7.88778e-06
562 1.18467e-05
564 1.11243e-05
566 9.56751e-06
568 1.0443e-05
570 1.19683e-05
572 9.70228e-06
574 1.29273e-05
576 7.59157e-06
578 9.5067e-06
580 7.14751e-06
582 8.37688e-06
584 6.45924e-06
586 1.05512e-05
588 8.0688e-06
590 6.37359e-06
592 1.32633e-05
594 1.16759e-05
596 8.78799e-06
598 2.64609e-05
600 3.32139e-05
602 9.39681e-06
604 9.87015e-06
606 9.06815e-06
608 8.81076e-06
610 1.07767e-05
612 1.23563e-05
614 7.67741e-06
616 9.95034e-06
618 9.0847e-06
620 1.11943e-05
622 6.53282e-06
624 1.28448e-05
626 1.11048e-05
628 1.26957e-05
630 7.85617e-06
632 8.69268e-06
634 1.28195e-05
636 1.27301e-05
638 8.13986e-06
640 6.84804e-06
642 6.69079e-06
644 5.65259e-06
646 7.59765e-06
648 7.22727e-06
650 5.74741e-06
652 1.05804e-05
654 1.41188e-05
656 1.48118e-05
658 3.5852e-05
660 0.000315573
662 2.50078e-05
664 1.88467e-05
666 2.38274e-05
668 4.0043e-05
670 1.50426e-05
672 9.58186e-06
674 7.57446e-06
676 7.59114e-06
678 8.54666e-06
680 8.72025e-06
682 9.12125e-06
684 7.37534e-06
686 7.17388e-06
688 1.5972e-05
690 6.02003e-06
692 9.13844e-06
694 7.90581e-06
696 7.78348e-06
698 6.60054e-06
700 9.16248e-06
702 8.12784e-06
704 9.41711e-06
706 1.05518e-05
708 8.03358e-06
710 8.2088e-06
712 8.36691e-06
714 6.09527e-06
716 9.4403e-06
718 1.79148e-05
720 3.32324e-05
722 5.97411e-06
724 1.20246e-05
726 7.59892e-06
728 8.52898e-06
730 4.83678e-06
732 6.81063e-06
734 5.54258e-06
736 1.26966e-05
738 5.85951e-06
740 7.27691e-06
742 7.93982e-06
744 7.84344e-06
746 6.46122e-06
748 9.59728e-06
750 1.11945e-05
752 7.46521e-06
754 9.68864e-06
756 8.22556e-06
758 5.80699e-06
760 6.78453e-06
762 1.26972e-05
764 7.45333e-06
766 9.49425e-06
768 8.34725e-06
770 6.35003e-06
772 1.19908e-05
774 6.2334e-06
776 8.33636e-06
778 1.82752e-05
780 0.00013617
782 1.05187e-05
784 1.1604e-05
786 1.17535e-05
788 8.2431e-06
790 8.87857e-06
792 7.53783e-06
794 8.99659e-06
796 8.77661e-06
798 8.26473e-06
800 5.58736e-06
802 1.06766e-05
804 8.26459e-06
806 9.15548e-06
808 8.27866e-06
810 6.63134e-06
812 1.2793e-05
814 1.00671e-05
816 6.90469e-06
818 9.34406e-06
820 6.40896e-06
822 9.1938e-06
824 8.87065e-06
826 1.60605e-05
828 6.10183e-06
830 9.54976e-06
832 7.70902e-06
834 1.01443e-05
836 6.33761e-06
838 2.41307e-05
840 2.325e-05
842 1.09102e-05
844 1.68755e-05
846 1.04819e-05
848 6.60743e-06
850 1.08271e-05
852 6.20289e-06
854 1.05186e-05
856 7.19255e-06
858 1.09112e-05
860 3.40457e-06
862 1.3625e-05
864 4.51806e-06
866 9.61439e-06
868 8.27067e-06
870 1.28519e-05
872 5.50884e-06
874 1.13476e-05
876 9.68595e-06
878 1.03354e-05
880 8.58237e-06
882 9.40148e-06
884 6.10538e-06
886 1.71681e-05
888 7.73745e-06
890 8.30454e-06
892 8.04836e-06
894 1.00633e-05
896 6.56e-06
898 1.36547e-05
900 8.63399e-05
902 1.27766e-05
904 1.54021e-05
906 9.38529e-06
908 7.19163e-06
910 7.95509e-06
912 6.50508e-06
914 1.00647e-05
916 1.04268e-05
918 6.93072e-06
920 8.93196e-06
922 1.11163e-05
924 7.17911e-06
926 9.29011e-06
928 1.00812e-05
930 6.84908e-06
932 9.15428e-06
934 9.34519e-06
936 5.73331e-06
938 1.20941e-05
940 6.59639e-06
942 7.13633e-06
944 7.11639e-06
946 9.48867e-06
948 8.79994e-06
950 6.95231e-06
952 7.24261e-06
954 7.91896e-06
956 8.17585e-06
958 8.91966e-06
960 3.33052e-05
962 6.48476e-06
964 1.24095e-05
966 4.74488e-06
968 6.84298e-06
970 4.14598e-06
972 8.35319e-06
974 6.86913e-06
976 8.17734e-06
978 5.11382e-06
980 8.03669e-06
982 1.01395e-05
984 6.7144e-06
986 6.32495e-06
988 8.69112e-06
990 6.21191e-06
992 4.06869e-06
994 6.02826e-06
996 7.92108e-06
998 7.98401e-06
1000 2.71651e-05
1002 2.84993e-05
1004 1.01833e-05
1006 1.15674e-05
1008 7.12318e-06
1010 5.73114e-06
1012 8.56646e-06
1014 8.06498e-06
1016 9.28332e-06
1018 1.28194e-05
1020 0.000134135
1022 1.50556e-05
1024 0.000221418
1026 4.63684e-06
1028 1.18998e-05
1030 6.41287e-06
1032 1.1203e-05
1034 6.06064e-06
1036 8.04581e-06
1038 4.26139e-06
1040 8.50402e-06
1042 1.47822e-05
1044 8.34351e-06
1046 4.93501e-06
1048 8.81204e-06
1050 5.26585e-06
1052 8.14834e-06
1054 4.75295e-06
1056 6.96616e-06
1058 3.94575e-06
1060 8.94469e-06
1062 1.18191e-05
1064 8.2658e-06
1066 7.83199e-06
1068 6.58992e-06
1070 4.50876e-06
1072 6.19325e-06
1074 6.27484e-06
1076 6.75644e-06
1078 7.91825e-06
1080 2.18161e-05
1082 5.13629e-06
1084 9.15371e-06
1086 8.62642e-06
1088 1.07052e-05
1090 4.31375e-06
1092 5.43354e-06
1094 3.84952e-06
1096 5.0281e-06
1098 3.65468e-06
1100 4.03962e-06
1102 8.56957e-06
1104 5.08816e-06
1106 6.12523e-06
1108 6.8991e-06
1110 5.44972e-06
1112 5.30117e-06
1114 6.11389e-06
1116 4.21634e-06
1118 3.76375e-06
1120 8.29663e-06
1122 5.39078e-06
1124 7.55834e-06
1126 1.17807e-05
1128 4.82072e-06
1130 5.10838e-06
1132 7.78482e-06
1134 9.25985e-06
1136 7.23625e-06
1138 1.86649e-05
1140 0.000108484
1142 1.29618e-05
1144 1.87868e-05
1146 5.06293e-06
1148 6.39708e-06
1150 7.37024e-06
1152 7.34917e-06
1154 4.40673e-06
1156 5.09886e-06
1158 7.34394e-06
1160 6.06099e-06
1162 9.94744e-06
1164 4.78119e-06
1166 6.39837e-06
1168 7.60394e-06
1170 6.38558e-06
1172 6.14853e-06
1174 8.77124e-06
1176 6.59053e-06
1178 5.18681e-06
1180 7.90121e-06
1182 4.83397e-06
1184 4.63198e-06
1186 1.07335e-05
1188 1.18888e-05
1190 4.80967e-06
1192 8.59092e-06
1194 5.59735e-06
1196 5.45394e-06
1198 1.13926e-05
1200 2.66453e-05
1202 5.36482e-06
1204 1.22887e-05
1206 6.40329e-06
1208 4.86901e-06
1210 6.73762e-06
1212 8.81783e-06
1214 6.52588e-06
1216 5.47617e-06
1218 5.85559e-06
1220 4.71407e-06
1222 1.10677e-05
1224 5.30283e-06
1226 5.14074e-06
1228 5.22638e-06
1230 5.81117e-06
1232 5.10397e-06
1234 7.47405e-06
1236 4.51761e-06
1238 6.04916e-06
1240 8.78785e-06
1242 6.83197e-06
1244 4.99083e-06
1246 6.99439e-06
1248 5.95943e-06
1250 1.53905e-05
1252 7.46457e-06
1254 6.13703e-06
1256 6.4763e-06
1258 1.69085e-05
1260 8.79676e-05
1262 1.35557e-05
1264 9.68107e-06
1266 9.4968e-06
1268 6.13228e-06
1270 6.22523e-06
1272 7.37852e-06
1274 1.03472e-05
1276 4.77483e-06
1278 6.54439e-06
1280 5.95471e-06
1282 8.57544e-06
1284 5.80771e-06
1286 4.87448e-06
1288 6.79602e-06
1290 5.50611e-06
1292 6.46476e-06
1294 8.03535e-06
1296 6.73883e-06
1298 4.10946e-06
1300 8.56929e-06
1302 6.15398e-06
1304 6.627e-06
1306 7.65104e-06
1308 7.48487e-06
1310 5.52967e-06
1312 1.15923e-05
1314 7.13916e-06
1316 5.80936e-06
1318 1.07889e-05
1320 2.24484e-05
1322 8.38346e-06
1324 8.9741e-06
1326 7.31856e-06
1328 4.38867e-06
1330 6.70348e-06
1332 9.13045e-06
1334 2.73982e-05
1336 2.13771e-05
1338 9.19776e-06
1340 8.22153e-06
1342 6.63177e-06
1344 7.58287e-06
1346 7.21822e-06
1348 6.4344e-06
1350 6.11501e-06
1352 6.41593e-06
1354 7.0845e-06
1356 6.22612e-06
1358 6.62177e-06
1360 7.6149e-06
1362 5.94264e-06
1364 7.07097e-06
1366 4.6565e-06
1368 6.32583e-06
1370 5.97087e-06
1372 1.12018e-05
1374 1.19134e-05
1376 1.36382e-05
1378 1.85374e-05
1380 9.00218e-05
1382 1.39878e-05
1384 9.49503e-06
1386 6.82077e-06
1388 4.79998e-06
1390 5.22061e-06
1392 5.6982e-06
1394 5.89924e-06
1396 6.17553e-06
1398 8.1195e-06
1400 9.03329e-06
1402 5.66501e-06
1404 7.66263e-06
1406 5.59618e-06
1408 7.2692e-06
1410 7.53663e-06
1412 8.07509e-06
1414 8.82724e-06
1416 6.14272e-06
1418 4.66054e-06
1420 8.80857e-06
1422 5.53637e-06
1424 4.58124e-06
1426 4.56999e-06
1428 8.47262e-06
1430 5.72558e-06
1432 6.11217e-06
1434 7.87165e-06
1436 8.63851e-06
1438 2.00492e-05
1440 1.97523e-05
1442 6.55709e-06
1444 5.42591e-06
1446 6.71277e-06
1448 6.02999e-06
1450 6.87715e-06
1452 5.81655e-06
1454 6.49891e-06
1456 5.22317e-06
1458 8.29415e-06
1460 8.39032e-06
1462 1.14836e-05
1464 4.4659e-06
1466 4.50582e-06
1468 5.32036e-06
1470 3.87316e-06
1472 7.36494e-06
1474 6.67167e-06
1476 6.0643e-06
1478 8.81423e-06
1480 8.68723e-06
1482 4.49861e-06
1484 6.4176e-06
1486 7.1101e-06
1488 5.28252e-06
1490 6.22936e-06
1492 7.17586e-06
1494 5.21971e-06
1496 1.05781e-05
1498 1.38489e-05
1500 4.95835e-05
1502 1.25859e-05
1504 6.22511e-06
1506 7.29133e-06
1508 3.71022e-06
1510 1.06849e-05
1512 6.51023e-06
1514 9.33374e-06
1516 6.93197e-06
1518 7.36522e-06
1520 7.22599e-06
1522 7.56873e-06
1524 1.20847e-05
1526 8.74394e-06
1528 9.6699e-06
1530 8.38728e-06
1532 6.05234e-06
1534 5.0543e-06
1536 2.19762e-05
1538 9.8896e-06
1540 9.33211e-06
1542 6.97255e-06
1544 5.38473e-06
1546 6.8239e-06
1548 7.48939e-06
1550 8.91838e-06
1552 3.87437e-06
1554 4.8268e-06
1556 9.81068e-06
1558 8.85029e-06
1560 1.96429e-05
1562 1.37703e-05
1564 8.29217e-06
1566 8.52304e-06
1568 7.50919e-06
1570 5.55687e-06
1572 6.22991e-06
1574 8.18321e-06
1576 5.20282e-06
1578 6.74508e-06
1580 6.75907e-06
1582 8.70505e-06
1584 6.23775e-06
1586 1.12157e-05
1588 7.93155e-06
1590 6.76452e-06
1592 6.77158e-06
1594 6.18965e-06
1596 5.90896e-06
1598 6.31398e-06
1600 6.31056e-06
