0 5.88688e-05
1 1.77004e-06
2 1.22073e-06
3 1.82669e-06
4 7.39893e-06
5 1.04901e-06
6 1.02841e-06
7 1.19202e-06
8 6.42183e-06
9 1.25118e-06
10 9.69535e-07
11 1.17314e-06
12 6.4238e-06
13 1.72323e-06
14 1.40262e-06
15 1.11339e-06
16 6.18891e-06
17 1.96035e-06
18 1.95047e-06
19 1.92099e-06
20 5.55698e-06
21 1.12147e-06
22 1.82245e-06
23 3.18118e-06
24 5.64632e-06
25 1.348e-06
26 1.15112e-06
27 3.01845e-06
28 5.60295e-06
29 1.73917e-06
30 1.70052e-06
31 3.06143e-06
32 4.96373e-06
33 1.66755e-06
34 1.80379e-06
35 3.60256e-06
36 4.73247e-06
37 1.50671e-06
38 1.76657e-06
39 3.82518e-06
40 4.40219e-06
41 2.36788e-06
42 2.28076e-06
43 3.9563e-06
44 3.809e-06
45 1.83404e-06
46 2.11614e-06
47 4.21984e-06
48 2.96528e-06
49 1.68077e-06
50 1.70742e-06
51 4.42369e-06
52 3.03155e-06
53 1.41737e-06
54 2.25354e-06
55 4.84508e-06
56 2.73832e-06
57 1.31268e-06
58 2.0884e-06
59 5.87567e-06
60 0.000100493
61 2.24141e-06
62 1.97605e-06
63 5.94748e-06
64 1.54446e-06
65 1.69006e-06
66 1.24627e-06
67 5.07736e-06
68 1.82161e-06
69 1.38546e-06
70 1.38283e-06
71 5.31755e-06
72 8.16158e-07
73 9.9227e-07
74 6.83408e-07
75 5.20367e-06
76 9.20216e-07
77 9.79913e-07
78 2.19163e-06
79 5.40686e-06
80 7.95231e-07
81 6.02135e-07
82 1.12139e-06
83 5.88638e-06
84 9.66579e-07
85 8.42711e-07
86 1.29811e-06
87 5.40415e-06
88 1.26261e-06
89 7.99811e-07
90 1.4402e-06
91 5.57594e-06
92 2.34189e-06
93 3.97372e-06
94 1.05546e-06
95 5.39315e-06
96 9.635e-07
97 1.0421e-06
98 1.3097e-06
99 5.00275e-06
100 1.29039e-06
101 1.20648e-06
102 2.57093e-06
103 4.14992e-06
104 1.25365e-06
105 9.28596e-07
106 1.5557e-06
107 4.87912e-06
108 2.30969e-06
109 1.97949e-06
110 2.02157e-06
111 4.41855e-06
112 1.53181e-06
113 1.45737e-06
114 2.67729e-06
115 4.17817e-06
116 1.34198e-06
117 1.4318e-06
118 2.89067e-06
119 3.59021e-06
120 9.58831e-06
121 1.58797e-06
122 3.37574e-06
123 3.4367e-06
124 1.50003e-06
125 2.42461e-06
126 3.6491e-06
127 2.86074e-06
128 1.4228e-06
129 1.3028e-06
130 3.49356e-06
131 2.81383e-06
132 1.54748e-06
133 1.44949e-06
134 3.9815e-06
135 2.52093e-06
136 1.98002e-06
137 1.8138e-06
138 4.83268e-06
139 1.78949e-06
140 1.36235e-06
141 1.17602e-06
142 4.00692e-06
143 1.71094e-06
144 1.86642e-06
145 1.30378e-06
146 4.18642e-06
147 4.12652e-06
148 3.42826e-06
149 2.01722e-06
150 5.3827e-06
151 1.40594e-06
152 5.92417e-07
153 1.54464e-06
154 4.6388e-06
155 1.14345e-06
156 1.17999e-06
157 5.81967e-07
158 4.49179e-06
159 9.34224e-07
160 9.41428e-07
161 5.0703e-07
162 4.75281e-06
163 8.35086e-07
164 5.97711e-07
165 1.16149e-06
166 5.20267e-06
167 1.24789e-06
168 1.43966e-06
169 8.08551e-07
170 3.64663e-06
171 1.03663e-06
172 1.33996e-06
173 9.6852e-07
174 3.64051e-06
175 2.60677e-06
176 1.47855e-06
177 1.52608e-06
178 4.21787e-06
179 4.0462e-06
180 9.35574e-05
181 4.86294e-06
182 4.51605e-06
183 1.68094e-06
184 1.54138e-06
185 1.46289e-06
186 3.4691e-06
187 1.04292e-06
188 1.48051e-06
189 1.92217e-06
190 3.1157e-06
191 1.21384e-06
192 1.50145e-06
193 1.83226e-06
194 2.99643e-06
195 1.12248e-06
196 1.11535e-06
197 2.11217e-06
198 3.48448e-06
199 1.27686e-06
200 1.26122e-06
201 1.68588e-06
202 2.53175e-06
203 1.64771e-06
204 1.20366e-06
205 2.06378e-06
206 2.18425e-06
207 7.53208e-07
208 1.02045e-06
209 1.79824e-06
210 1.99268e-06
211 7.27781e-07
212 1.80085e-06
213 3.41679e-06
214 2.13032e-06
215 9.27278e-07
216 1.67297e-06
217 2.74212e-06
218 1.89743e-06
219 8.04987e-07
220 7.82157e-07
221 2.18121e-06
222 1.34966e-06
223 1.06784e-06
224 8.29979e-07
225 2.26071e-06
226 2.20253e-06
227 7.98341e-07
228 1.02083e-06
229 2.49595e-06
230 8.07277e-07
231 6.29955e-07
232 8.85893e-07
233 2.17825e-06
234 1.01726e-06
235 9.02964e-07
236 1.24085e-06
237 2.12597e-06
238 1.79173e-06
239 3.76435e-06
240 4.72634e-06
241 3.0022e-06
242 1.34399e-06
243 9.49993e-07
244 9.02751e-07
245 2.55252e-06
246 4.81308e-07
247 8.51866e-07
248 7.47403e-07
249 2.65841e-06
250 1.1341e-06
251 8.42725e-07
252 8.70313e-07
253 1.73626e-06
254 7.12427e-07
255 7.42372e-07
256 9.45593e-07
257 2.30884e-06
258 1.22586e-06
259 8.76223e-07
260 5.52963e-07
261 1.84312e-06
262 1.916e-06
263 1.1056e-06
264 5.95669e-07
265 1.15825e-06
266 7.61537e-07
267 1.636e-06
268 1.80955e-06
269 1.49758e-06
270 1.20385e-06
271 8.85222e-07
272 9.65231e-07
273 1.54622e-06
274 9.55292e-07
275 7.39338e-07
276 9.35486e-07
277 1.2986e-06
278 8.85546e-07
279 7.008e-07
280 1.10968e-06
281 1.26419e-06
282 8.32758e-07
283 7.16139e-07
284 1.02697e-06
285 1.36982e-06
286 9.79151e-07
287 6.60625e-07
288 1.65016e-06
289 6.39671e-07
290 9.21956e-07
291 5.75879e-07
292 8.59387e-07
293 1.25599e-06
294 1.17492e-06
295 7.63419e-07
296 1.60584e-06
297 8.98253e-07
298 1.71152e-06
299 5.66905e-06
300 9.0153e-06
301 1.65548e-06
302 6.83287e-07
303 8.17365e-07
304 1.2744e-06
305 6.85573e-07
306 5.26173e-07
307 7.39437e-07
308 1.32182e-06
309 6.26789e-07
310 1.08794e-06
311 8.21155e-07
312 1.60442e-06
313 1.53549e-06
314 1.15596e-06
315 9.85094e-07
316 1.52627e-06
317 6.40701e-07
318 1.53519e-06
319 6.71456e-07
320 1.22218e-06
321 9.03378e-07
322 1.64329e-06
323 2.7041e-07
324 1.62534e-06
325 4.86725e-07
326 7.82328e-07
327 3.19142e-07
328 8.5598e-07
329 4.88961e-07
330 9.98152e-07
331 5.75796e-07
332 1.0905e-06
333 1.07961e-06
334 1.87971e-06
335 5.67625e-07
336 5.55159e-07
337 4.82843e-07
338 9.73924e-07
339 8.85367e-07
340 1.75267e-06
341 4.89707e-07
342 9.45945e-07
343 6.51756e-07
344 1.26257e-06
345 5.90999e-07
346 8.02648e-07
347 6.51846e-07
348 1.36649e-06
349 9.16884e-07
350 9.42838e-07
351 3.55068e-07
352 7.63791e-07
353 4.4771e-07
354 6.30464e-07
355 7.97946e-07
356 1.02188e-06
357 1.06483e-06
358 1.34865e-06
359 5.37121e-06
360 4.46095e-06
361 1.01634e-06
362 4.29929e-07
363 6.49155e-07
364 1.06036e-06
365 5.16917e-07
366 1.05376e-06
367 8.05016e-07
368 1.10252e-06
369 6.82135e-07
370 1.47579e-06
371 6.02412e-07
372 5.31636e-07
373 6.93974e-07
374 7.16172e-07
375 1.24734e-06
376 1.45081e-06
377 4.89995e-07
378 1.11324e-06
379 9.46787e-07
380 5.91182e-07
381 5.81737e-07
382 7.10704e-07
383 7.06156e-07
384 9.21588e-07
385 4.15727e-07
386 9.45637e-07
387 9.86645e-07
388 1.33646e-06
389 4.81535e-07
390 1.35888e-06
391 1.08921e-06
392 9.48024e-07
393 4.1123e-07
394 7.80641e-07
395 1.1708e-06
396 1.39961e-06
397 4.19139e-07
398 7.6908e-07
399 7.45317e-07
400 8.23846e-07
401 4.78459e-07
402 7.02015e-07
403 8.46305e-07
404 1.11723e-06
405 6.38147e-07
406 7.81436e-07
407 1.11028e-06
408 8.72553e-07
409 5.14734e-07
410 4.87497e-07
411 5.69408e-07
412 7.15658e-07
413 4.1146e-07
414 1.06189e-06
415 1.97141e-06
416 1.00723e-06
417 6.75608e-07
418 1.29148e-06
419 3.80836e-06
420 3.44865e-05
421 3.92564e-06
422 1.74201e-06
423 9.45118e-07
424 1.05773e-06
425 5.68961e-07
426 7.8969e-07
427 9.41152e-07
428 6.51883e-07
429 5.02104e-07
430 1.13721e-06
431 8.57588e-07
432 7.40536e-07
433 6.33625e-07
434 1.06042e-06
435 1.00848e-06
436 8.54242e-07
437 9.79197e-07
438 1.23042e-06
439 1.05187e-06
440 3.02496e-07
441 4.91923e-07
442 6.31357e-07
443 9.0855e-07
444 8.89045e-07
445 5.17917e-07
446 3.11293e-07
447 7.57341e-07
448 1.01332e-06
449 4.26369e-07
450 4.11257e-07
451 7.94824e-07
452 1.89531e-07
453 1.31951e-06
454 6.57363e-07
455 7.32716e-07
456 4.8087e-07
457 8.70217e-07
458 5.94321e-07
459 7.6036e-07
460 5.92949e-07
461 7.35326e-07
462 7.67433e-07
463 1.15808e-06
464 4.42143e-07
465 3.55533e-07
466 8.72923e-07
467 6.01562e-07
468 1.18251e-06
469 5.16704e-07
470 8.96097e-07
471 7.97429e-07
472 1.04022e-06
473 6.14725e-07
474 1.08101e-06
475 1.09812e-06
476 9.51437e-07
477 5.91244e-07
478 7.54601e-07
479 6.27742e-06
480 1.6005e-06
481 2.76978e-07
482 9.71001e-07
483 1.20613e-06
484 4.18201e-07
485 4.01972e-07
486 9.70526e-07
487 3.92842e-07
488 5.57896e-07
489 5.47999e-07
490 1.57398e-06
491 4.54709e-07
492 6.34867e-07
493 5.58256e-07
494 1.0204e-06
495 5.00601e-07
496 1.16638e-06
497 6.66063e-07
498 1.9343e-06
499 7.16679e-07
500 1.74446e-06
501 3.66913e-07
502 8.08006e-07
503 7.39105e-07
504 8.40971e-07
505 3.26246e-07
506 8.06402e-07
507 5.78708e-07
508 8.59549e-07
509 6.06439e-07
510 1.28814e-06
511 5.13965e-07
512 2.27294e-06
513 7.78832e-07
514 1.31975e-06
515 4.03556e-07
516 1.09082e-06
517 6.83021e-07
518 1.12534e-06
519 6.62773e-07
520 1.32249e-06
521 7.38289e-07
522 8.38281e-07
523 4.84248e-07
524 1.24859e-06
525 7.34747e-07
526 1.59723e-06
527 9.20445e-07
528 6.27109e-07
529 8.04209e-07
530 1.01662e-06
531 4.33969e-07
532 6.06542e-07
533 4.66246e-07
534 1.58956e-06
535 6.15878e-07
536 7.61932e-07
537 7.0916e-07
538 7.99098e-07
539 5.28093e-06
540 3.86105e-06
541 1.17101e-06
542 8.06059e-07
543 4.55438e-07
544 7.08393e-07
545 9.7585e-07
546 9.77035e-07
547 3.89904e-07
548 5.3892e-07
549 1.0071e-06
550 1.17197e-06
551 4.05281e-07
552 7.16679e-07
553 8.70449e-07
554 3.74027e-07
555 2.68823e-07
556 1.1171e-06
557 7.92722e-07
558 9.01832e-07
559 7.03745e-07
560 6.86196e-07
561 1.18158e-06
562 7.00042e-07
563 1.27101e-06
564 4.15805e-07
565 9.60628e-07
566 6.01254e-07
567 8.21051e-07
568 7.00951e-07
569 8.83274e-07
570 5.55083e-07
571 2.27547e-07
572 7.11394e-07
573 9.05564e-07
574 8.18878e-07
575 5.96825e-07
576 8.95168e-07
577 6.8975e-07
578 6.75391e-07
579 3.86999e-07
580 5.10909e-07
581 9.04641e-07
582 4.06749e-07
583 3.73197e-07
584 5.68189e-07
585 1.07587e-06
586 7.73054e-07
587 5.25358e-07
588 3.70726e-07
589 7.98583e-07
590 5.59325e-07
591 3.97484e-07
592 7.01237e-07
593 1.34483e-06
594 6.7166e-07
595 6.83765e-07
596 6.44069e-07
597 7.76372e-07
598 5.14843e-07
599 4.52027e-06
600 1.16184e-06
601 7.85898e-07
602 6.12882e-07
603 3.19106e-07
604 1.00859e-06
605 7.40301e-07
606 6.75659e-07
607 6.58664e-07
608 5.57704e-07
609 6.32478e-07
610 8.40761e-07
611 7.52504e-07
612 7.21529e-07
613 5.96634e-07
614 6.23427e-07
615 3.63123e-07
616 1.04009e-06
617 4.9397e-07
618 4.99661e-07
619 3.14602e-07
620 4.18572e-07
621 9.58467e-07
622 5.47525e-07
623 4.69702e-07
624 6.89416e-07
625 1.4151e-06
626 4.9289e-07
627 4.50836e-07
628 1.15622e-06
629 6.34187e-07
630 5.40316e-07
631 7.04114e-07
632 8.309e-07
633 4.40865e-07
634 1.27643e-06
635 2.61482e-07
636 6.13417e-07
637 5.76232e-07
638 4.95162e-07
639 3.14859e-07
640 9.96129e-07
641 4.77375e-07
642 3.67648e-07
643 3.21169e-07
644 9.20419e-07
645 5.66933e-07
646 8.81988e-07
647 4.99196e-07
648 6.58586e-07
649 6.13058e-07
650 8.18114e-07
651 9.49389e-07
652 1.01544e-06
653 7.24284e-07
654 1.73291e-06
655 8.04026e-07
656 7.98379e-07
657 1.40757e-06
658 2.00194e-06
659 4.61808e-06
660 2.34328e-05
661 4.93293e-06
662 2.17557e-06
663 1.80662e-06
664 1.33349e-06
665 1.28577e-06
666 7.48607e-07
667 1.59507e-06
668 1.52491e-06
669 7.39935e-07
670 5.21295e-07
671 5.37544e-07
672 5.48438e-07
673 3.96948e-07
674 8.05439e-07
675 4.8639e-07
676 9.19531e-07
677 5.18569e-07
678 6.30781e-07
679 5.90397e-07
680 8.31178e-07
681 4.77469e-07
682 5.1858e-07
683 8.24681e-07
684 6.19563e-07
685 6.59955e-07
686 9.61434e-07
687 5.1983e-07
688 1.0095e-06
689 3.3184e-07
690 5.91424e-07
691 1.97637e-07
692 4.61629e-07
693 4.19121e-07
694 1.00015e-06
695 3.11774e-07
696 3.32307e-07
697 2.50133e-07
698 3.80719e-07
699 3.51962e-07
700 5.37068e-07
701 2.96784e-07
702 5.11319e-07
703 2.89127e-07
704 1.02028e-06
705 2.83315e-07
706 8.78258e-07
707 5.77119e-07
708 6.541e-07
709 4.80934e-07
710 7.09933e-07
711 5.28912e-07
712 8.46172e-07
713 4.43043e-07
714 3.86332e-07
715 5.21566e-07
716 6.00587e-07
717 5.54993e-07
718 1.01956e-06
719 2.00572e-06
720 2.6387e-06
721 4.25662e-07
722 4.16635e-07
723 5.47013e-07
724 7.9125e-07
725 5.8395e-07
726 6.26561e-07
727 2.94134e-07
728 5.49869e-07
729 3.77155e-07
730 3.82897e-07
731 3.81484e-07
732 5.05173e-07
733 2.12087e-07
734 4.02549e-07
735 5.28273e-07
736 1.13179e-06
737 2.47888e-07
738 4.83594e-07
739 6.46525e-07
740 5.21709e-07
741 4.35531e-07
742 4.70355e-07
743 4.25469e-07
744 5.11391e-07
745 6.02714e-07
746 3.48427e-07
747 7.17877e-07
748 7.41026e-07
749 4.20826e-07
750 8.86032e-07
751 3.88318e-07
752 6.15403e-07
753 5.63442e-07
754 1.08536e-06
755 6.45373e-07
756 6.76031e-07
757 3.37129e-07
758 6.9082e-07
759 5.67353e-07
760 3.57412e-07
761 4.29891e-07
762 6.30287e-07
763 7.65233e-07
764 4.21745e-07
765 1.50397e-07
766 6.93842e-07
767 8.28827e-07
768 4.12934e-07
769 4.8685e-07
770 5.42266e-07
771 7.98469e-07
772 8.58164e-07
773 5.31766e-07
774 9.68602e-07
775 6.97099e-07
776 5.93183e-07
777 6.97497e-07
778 1.65776e-06
779 1.33972e-06
780 4.25255e-06
781 1.07823e-06
782 7.26396e-07
783 8.61786e-07
784 1.09684e-06
785 3.32031e-07
786 6.3353e-07
787 7.99929e-07
788 7.64707e-07
789 3.20209e-07
790 2.66227e-07
791 8.2947e-07
792 7.19963e-07
793 5.52786e-07
794 5.84318e-07
795 8.26787e-07
796 8.3179e-07
797 3.41683e-07
798 3.03778e-07
799 7.47594e-07
800 5.24251e-07
