0 6.47733e-05
2 1.56331e-06
4 5.45447e-06
6 6.50964e-07
8 4.43408e-06
10 1.56226e-06
12 4.6798e-06
14 1.12088e-06
16 4.86955e-06
18 1.40098e-06
20 4.05986e-06
22 1.31575e-06
24 4.0259e-06
26 1.46008e-06
28 4.29682e-06
30 2.24959e-06
32 4.06434e-06
34 1.26147e-06
36 4.06214e-06
38 1.6252e-06
40 3.95466e-06
42 2.01288e-06
44 3.8745e-06
46 2.575e-06
48 4.04889e-06
50 1.81054e-06
52 3.68079e-06
54 2.52643e-06
56 3.26563e-06
58 2.46383e-06
60 7.37053e-05
62 2.78513e-06
64 3.93474e-06
66 2.72604e-06
68 2.92283e-06
70 3.02654e-06
72 3.4168e-06
74 2.95775e-06
76 3.4618e-06
78 3.51651e-06
80 2.53704e-06
82 3.60347e-06
84 3.35422e-06
86 3.14447e-06
88 3.47378e-06
90 3.99756e-06
92 4.98586e-06
94 3.04984e-06
96 1.74346e-06
98 2.59467e-06
100 1.92944e-06
102 3.38148e-06
104 1.93931e-06
106 3.50362e-06
108 2.32431e-06
110 2.84131e-06
112 2.05992e-06
114 3.49743e-06
116 1.40881e-06
118 3.72225e-06
120 8.80511e-06
122 3.47615e-06
124 1.61758e-06
126 3.30144e-06
128 1.21171e-06
130 3.23518e-06
132 1.09575e-06
134 3.69952e-06
136 1.67627e-06
138 3.54733e-06
140 1.51906e-06
142 3.03197e-06
144 8.93472e-07
146 3.45781e-06
148 4.16721e-06
150 3.19217e-06
152 1.14277e-06
154 3.72105e-06
156 8.15011e-07
158 2.91574e-06
160 1.22141e-06
162 3.92073e-06
164 1.12591e-06
166 2.93828e-06
168 8.16666e-07
170 2.44407e-06
172 1.28299e-06
174 2.94036e-06
176 1.93063e-06
178 3.72091e-06
180 6.92992e-05
182 3.02215e-06
184 1.19152e-06
186 2.27284e-06
188 1.15102e-06
190 2.43115e-06
192 1.42452e-06
194 2.54698e-06
196 1.48415e-06
198 1.95484e-06
200 8.89406e-07
202 2.12206e-06
204 1.32784e-06
206 2.06605e-06
208 1.71152e-06
210 2.39238e-06
212 2.25315e-06
214 2.22296e-06
216 1.31841e-06
218 1.64118e-06
220 1.54434e-06
222 1.63903e-06
224 1.5355e-06
226 2.06413e-06
228 1.48453e-06
230 2.09384e-06
232 1.50203e-06
234 1.56269e-06
236 1.35649e-06
238 2.10016e-06
240 4.96112e-06
242 1.35933e-06
244 1.67422e-06
246 1.29526e-06
248 1.62256e-06
250 1.45804e-06
252 1.41935e-06
254 1.45913e-06
256 1.64579e-06
258 1.64118e-06
260 1.33475e-06
262 1.22271e-06
264 1.26692e-06
266 1.16673e-06
268 1.93127e-06
270 1.33471e-06
272 1.351e-06
274 8.89356e-07
276 1.00831e-06
278 1.1933e-06
280 1.28273e-06
282 1.01078e-06
284 1.69209e-06
286 9.48789e-07
288 1.22645e-06
290 7.50318e-07
292 1.36945e-06
294 8.81543e-07
296 1.53579e-06
298 2.04018e-06
300 6.76362e-06
302 1.2374e-06
304 1.00309e-06
306 7.80306e-07
308 1.23611e-06
310 9.1354e-07
312 1.44507e-06
314 8.2798e-07
316 1.19372e-06
318 1.0198e-06
320 7.493e-07
322 7.64863e-07
324 1.31586e-06
326 6.52595e-07
328 8.22931e-07
330 9.13257e-07
332 8.58124e-07
334 1.24217e-06
336 8.9647e-07
338 7.04298e-07
340 9.03711e-07
342 9.59813e-07
344 5.56884e-07
346 6.91031e-07
348 9.63829e-07
350 9.14162e-07
352 6.98194e-07
354 7.7006e-07
356 1.35694e-06
358 1.75319e-06
360 4.89531e-06
362 1.05776e-06
364 5.69441e-07
366 7.50679e-07
368 4.3364e-07
370 8.98308e-07
372 5.42939e-07
374 9.89865e-07
376 8.81062e-07
378 1.10249e-06
380 4.85176e-07
382 6.01624e-07
384 5.09523e-07
386 8.0328e-07
388 8.5987e-07
390 9.00168e-07
392 3.00221e-07
394 8.59905e-07
396 1.0176e-06
398 6.05474e-07
400 9.04432e-07
402 7.08634e-07
404 8.01859e-07
406 6.68647e-07
408 1.08009e-06
410 8.26459e-07
412 9.05429e-07
414 1.02873e-06
416 1.19579e-06
418 1.93993e-06
420 2.50759e-05
422 1.85673e-06
424 8.17034e-07
426 1.00822e-06
428 8.60747e-07
430 1.01167e-06
432 8.00841e-07
434 7.68137e-07
436 6.04612e-07
438 1.02106e-06
440 5.17225e-07
442 1.06524e-06
444 5.98197e-07
446 7.10734e-07
448 9.09615e-07
450 8.97304e-07
452 9.87305e-07
454 1.07376e-06
456 8.17302e-07
458 5.9546e-07
460 8.01364e-07
462 9.77907e-07
464 7.56003e-07
466 8.43925e-07
468 9.65123e-07
470 9.02693e-07
472 6.6812e-07
474 8.80666e-07
476 5.55829e-07
478 2.57093e-06
480 3.34393e-06
482 1.17206e-06
484 7.09214e-07
486 9.85806e-07
488 5.02027e-07
490 1.15442e-06
492 3.89049e-07
494 6.83864e-07
496 7.10798e-07
498 9.49397e-07
500 1.38771e-06
502 9.01215e-07
504 4.97319e-07
506 1.01955e-06
508 7.10798e-07
510 7.05214e-07
512 1.61478e-06
514 1.38289e-06
516 8.13357e-07
518 5.90391e-07
520 1.06031e-06
522 1.14455e-06
524 7.96619e-07
526 1.23202e-06
528 5.2849e-07
530 8.45947e-07
532 7.66072e-07
534 1.12932e-06
536 1.24282e-06
538 2.32857e-06
540 3.27794e-06
542 1.14584e-06
544 6.15674e-07
546 8.42914e-07
548 5.33586e-07
550 6.88033e-07
552 6.38841e-07
554 7.04798e-07
556 1.07622e-06
558 7.77556e-07
560 5.91247e-07
562 9.36026e-07
564 7.05653e-07
566 6.6698e-07
568 6.98938e-07
570 8.62734e-07
572 6.09625e-07
574 9.80651e-07
576 6.70271e-07
578 6.48823e-07
580 7.63046e-07
582 4.43365e-07
584 9.09226e-07
586 5.08174e-07
588 8.14672e-07
590 7.78928e-07
592 8.05685e-07
594 1.01307e-06
596 1.32109e-06
598 2.13343e-06
600 1.79283e-06
602 7.78694e-07
604 9.32971e-07
606 8.24515e-07
608 7.01076e-07
610 7.39181e-07
612 8.08555e-07
614 6.47776e-07
616 7.98055e-07
618 4.33669e-07
620 5.7884e-07
622 7.75413e-07
624 9.14466e-07
626 4.60237e-07
628 7.74713e-07
630 6.15073e-07
632 5.44534e-07
634 9.98145e-07
636 5.01288e-07
638 4.56999e-07
640 7.42533e-07
642 4.16193e-07
644 5.16576e-07
646 7.37463e-07
648 7.84033e-07
650 4.16115e-07
652 6.13343e-07
654 7.87123e-07
656 1.28824e-06
658 2.5083e-06
660 1.75595e-05
662 2.10691e-06
664 1.21306e-06
666 6.96258e-07
668 1.03587e-06
670 1.02912e-06
672 5.95272e-07
674 4.21017e-07
676 1.04873e-06
678 3.82722e-07
680 3.74793e-07
682 6.68218e-07
684 6.89624e-07
686 7.22189e-07
688 9.96158e-07
690 4.78636e-07
692 5.37639e-07
694 8.67026e-07
696 5.93647e-07
698 2.71772e-07
700 3.81012e-07
702 5.92251e-07
704 8.6668e-07
706 7.95057e-07
708 5.0339e-07
710 6.17358e-07
712 7.27047e-07
714 4.87264e-07
716 7.68858e-07
718 1.53478e-06
720 1.62612e-06
722 6.14329e-07
724 7.64524e-07
726 4.77769e-07
728 4.45239e-07
730 3.34115e-07
732 4.8626e-07
734 3.98604e-07
736 7.92172e-07
738 3.20776e-07
740 6.19554e-07
742 5.79249e-07
744 5.91206e-07
746 3.57215e-07
748 5.9659e-07
750 9.16821e-07
752 5.5628e-07
754 9.76267e-07
756 6.18136e-07
758 3.8168e-07
760 5.88267e-07
762 4.12328e-07
764 5.51159e-07
766 9.54325e-07
768 5.25921e-07
770 6.92547e-07
772 6.99132e-07
774 8.18137e-07
776 5.45808e-07
778 1.80743e-06
780 2.88041e-06
782 1.04666e-06
784 1.11408e-06
786 7.84599e-07
788 7.73476e-07
790 6.24292e-07
792 6.2416e-07
794 6.10591e-07
796 7.88643e-07
798 4.99572e-07
800 6.0621e-07
802 7.43756e-07
804 6.17661e-07
806 6.19384e-07
808 5.49134e-07
810 9.05917e-07
812 7.96068e-07
814 1.49145e-06
816 4.35802e-07
818 7.73568e-07
820 4.4793e-07
822 8.30129e-07
824 6.13124e-07
826 1.31884e-06
828 5.27836e-07
830 1.03297e-06
832 8.99984e-07
834 9.07154e-07
836 8.10288e-07
838 2.0941e-06
840 5.35374e-07
842 1.21069e-06
844 1.75027e-06
846 1.03624e-06
848 7.18852e-07
850 7.30434e-07
852 4.92146e-07
854 8.26155e-07
856 6.09292e-07
858 5.87636e-07
860 3.87544e-07
862 8.9973e-07
864 6.4721e-07
866 8.70088e-07
868 4.58601e-07
870 9.12953e-07
872 4.14947e-07
874 1.6321e-06
876 8.80341e-07
878 9.18723e-07
880 3.47968e-07
882 9.00607e-07
884 4.80146e-07
886 9.37645e-07
888 7.13294e-07
890 7.70167e-07
892 8.00714e-07
894 7.58301e-07
896 5.45188e-07
898 1.11087e-06
900 6.88356e-06
902 1.49516e-06
904 1.2035e-06
906 9.4263e-07
908 7.612e-07
910 7.04511e-07
912 5.02923e-07
914 7.70294e-07
916 6.12908e-07
918 5.67876e-07
920 3.39143e-07
922 7.45432e-07
924 4.61377e-07
926 5.92794e-07
928 6.11261e-07
930 5.57401e-07
932 5.63952e-07
934 8.91018e-07
936 6.75598e-07
938 7.82301e-07
940 6.48258e-07
942 4.39755e-07
944 6.50252e-07
946 6.91215e-07
948 6.70351e-07
950 5.23549e-07
952 9.0871e-07
954 5.3171e-07
956 6.3168e-07
958 5.56221e-07
960 1.13505e-06
962 8.6226e-07
964 1.25733e-06
966 4.4841e-07
968 5.56127e-07
970 4.45258e-07
972 6.49009e-07
974 5.96575e-07
976 6.49811e-07
978 3.095e-07
980 5.9303e-07
982 6.88516e-07
984 5.12372e-07
986 3.75882e-07
988 4.9387e-07
990 4.84692e-07
992 4.30855e-07
994 7.35037e-07
996 3.89796e-07
998 2.01222e-07
1000 4.20818e-07
1002 6.20856e-07
1004 1.42226e-06
1006 6.10578e-07
1008 3.57324e-07
1010 3.15857e-07
1012 3.94923e-07
1014 2.62622e-07
1016 3.36444e-07
1018 7.14687e-07
1020 1.53531e-06
1022 5.86044e-07
1024 1.78709e-05
1026 3.01201e-07
1028 9.36605e-07
1030 3.62846e-07
1032 7.55197e-07
1034 3.30283e-07
1036 8.5275e-07
1038 5.01816e-07
1040 6.84056e-07
1042 8.20477e-07
1044 5.20048e-07
1046 3.25146e-07
1048 6.35382e-07
1050 4.31292e-07
1052 4.56642e-07
1054 5.99453e-07
1056 5.40986e-07
1058 4.85358e-07
1060 5.16678e-07
1062 8.91442e-07
1064 7.89746e-07
1066 5.13703e-07
1068 4.62314e-07
1070 3.15391e-07
1072 3.5269e-07
1074 3.1861e-07
1076 4.2659e-07
1078 7.2786e-07
1080 8.89144e-07
1082 4.85111e-07
1084 9.26183e-07
1086 3.19938e-07
1088 1.03353e-06
1090 4.78665e-07
1092 2.23425e-07
1094 4.96261e-07
1096 3.91938e-07
1098 4.89652e-07
1100 4.13286e-07
1102 9.33218e-07
1104 3.55113e-07
1106 5.22568e-07
1108 3.35328e-07
1110 4.65131e-07
1112 3.56543e-07
1114 1.04155e-06
1116 2.95497e-07
1118 4.7937e-07
1120 5.9397e-07
1122 4.56945e-07
1124 5.69552e-07
1126 8.95353e-07
1128 3.48908e-07
1130 3.41765e-07
1132 4.54925e-07
1134 5.47237e-07
1136 6.4964e-07
1138 1.50472e-06
1140 5.48972e-06
1142 1.60988e-06
1144 1.22327e-06
1146 5.54582e-07
1148 5.13187e-07
1150 6.26592e-07
1152 5.37668e-07
1154 4.42734e-07
1156 3.78688e-07
1158 4.93382e-07
1160 4.75969e-07
1162 8.71601e-07
1164 4.07168e-07
1166 4.14621e-07
1168 2.8806e-07
1170 5.33033e-07
1172 3.63985e-07
1174 8.35334e-07
1176 3.15619e-07
1178 5.94547e-07
1180 4.16656e-07
1182 2.48922e-07
1184 3.7363e-07
1186 1.00425e-06
1188 8.46725e-07
1190 4.34473e-07
1192 2.76845e-07
1194 4.54812e-07
1196 4.93327e-07
1198 6.64121e-07
1200 6.5801e-07
1202 3.25176e-07
1204 1.22703e-06
1206 3.56415e-07
1208 3.7471e-07
1210 6.55342e-07
1212 5.27691e-07
1214 3.43617e-07
1216 3.20165e-07
1218 4.50933e-07
1220 3.65814e-07
1222 6.39384e-07
1224 5.30243e-07
1226 3.01959e-07
1228 2.89604e-07
1230 5.24583e-07
1232 3.483e-07
1234 6.65808e-07
1236 5.52413e-07
1238 4.18896e-07
1240 5.91884e-07
1242 3.10736e-07
1244 2.79477e-07
1246 4.64882e-07
1248 4.04593e-07
1250 1.35224e-06
1252 3.07247e-07
1254 5.35358e-07
1256 5.35745e-07
1258 1.07778e-06
1260 1.53788e-06
1262 5.10286e-07
1264 6.0425e-07
1266 5.36169e-07
1268 6.17108e-07
1270 5.20308e-07
1272 3.12112e-07
1274 6.28594e-07
1276 6.22428e-07
1278 2.67486e-07
1280 5.29459e-07
1282 7.71722e-07
1284 4.97838e-07
1286 3.98759e-07
1288 5.18837e-07
1290 3.46988e-07
1292 5.24615e-07
1294 7.1702e-07
1296 5.17015e-07
1298 5.6802e-07
1300 7.99766e-07
1302 4.16711e-07
1304 4.67654e-07
1306 4.00242e-07
1308 5.15425e-07
1310 3.49129e-07
1312 1.09199e-06
1314 6.79061e-07
1316 5.95025e-07
1318 7.4196e-07
1320 8.79634e-07
1322 3.9353e-07
1324 5.8524e-07
1326 1.80264e-07
1328 6.06365e-07
1330 2.81206e-07
1332 5.37199e-07
1334 4.14336e-07
1336 7.61413e-07
1338 1.11151e-06
1340 6.65083e-07
1342 8.65025e-07
1344 4.71365e-07
1346 5.79321e-07
1348 4.83317e-07
1350 3.77718e-07
1352 4.79394e-07
1354 3.83004e-07
1356 3.7496e-07
1358 5.4734e-07
1360 4.97634e-07
1362 4.57797e-07
1364 5.21501e-07
1366 5.03509e-07
1368 5.2569e-07
1370 5.68183e-07
1372 6.19118e-07
1374 8.69699e-07
1376 1.02999e-06
1378 1.35402e-06
1380 4.18486e-06
1382 1.48859e-06
1384 9.02664e-07
1386 4.03374e-07
1388 5.28798e-07
1390 5.37757e-07
1392 5.57033e-07
1394 5.28374e-07
1396 5.0816e-07
1398 3.33234e-07
1400 6.87632e-07
1402 5.67361e-07
1404 4.14825e-07
1406 2.58806e-07
1408 4.00326e-07
1410 5.20499e-07
1412 3.321e-07
1414 5.89616e-07
1416 4.01026e-07
1418 4.03684e-07
1420 7.69297e-07
1422 3.6709e-07
1424 2.98984e-07
1426 3.40845e-07
1428 4.39369e-07
1430 4.31671e-07
1432 4.16238e-07
1434 3.86397e-07
1436 7.79748e-07
1438 1.89989e-06
1440 5.18156e-07
1442 5.02607e-07
1444 6.22868e-07
1446 4.85622e-07
1448 4.51978e-07
1450 3.11923e-07
1452 2.79498e-07
1454 4.631e-07
1456 5.21961e-07
1458 6.35983e-07
1460 5.56285e-07
1462 8.15648e-07
1464 4.04083e-07
1466 5.12707e-07
1468 7.11328e-07
1470 3.72026e-07
1472 4.82745e-07
1474 5.95169e-07
1476 3.94336e-07
1478 6.67737e-07
1480 5.14866e-07
1482 3.93921e-07
1484 4.59329e-07
1486 2.40206e-07
1488 5.26474e-07
1490 3.91654e-07
1492 5.78222e-07
1494 4.72155e-07
1496 8.83198e-07
1498 9.93428e-07
1500 3.50994e-06
1502 1.3214e-06
1504 6.64596e-07
1506 7.01613e-07
1508 5.45836e-07
1510 5.46837e-07
1512 5.25737e-07
1514 5.68032e-07
1516 4.29927e-07
1518 4.19411e-07
1520 5.49092e-07
1522 6.01076e-07
1524 6.28962e-07
1526 5.04487e-07
1528 4.41057e-07
1530 5.6128e-07
1532 5.32587e-07
1534 5.15681e-07
1536 1.63086e-06
1538 8.39944e-07
1540 7.96011e-07
1542 3.70089e-07
1544 5.73699e-07
1546 5.56597e-07
1548 5.66359e-07
1550 5.36241e-07
1552 3.77179e-07
1554 2.4262e-07
1556 4.34429e-07
1558 6.04711e-07
1560 5.27002e-07
1562 1.18156e-06
1564 5.82519e-07
1566 3.21352e-07
1568 3.1327e-07
1570 4.53064e-07
1572 5.68367e-07
1574 3.88101e-07
1576 3.5272e-07
1578 5.19678e-07
1580 7.25824e-07
1582 6.55518e-07
1584 3.50457e-07
1586 8.98803e-07
1588 5.49503e-07
1590 6.16182e-07
1592 4.58232e-07
1594 5.17519e-07
1596 4.0128e-07
1598 2.73213e-07
1600 5.80633e-07
