0 0.000376638
32 4.89224e-06
64 2.85353e-05
96 5.59659e-06
128 5.48004e-06
160 1.09452e-05
192 1.77447e-05
224 5.32708e-06
256 4.50443e-06
288 8.49525e-06
320 5.35022e-06
352 3.45828e-06
384 2.06763e-06
416 5.49026e-06
448 1.77341e-06
480 2.93232e-06
512 1.36381e-06
544 3.94366e-06
576 1.6863e-06
608 2.47804e-06
640 1.69397e-06
672 3.63209e-06
704 1.87921e-06
736 2.45126e-06
768 4.78909e-06
800 3.49261e-06
832 2.63638e-06
864 1.579e-06
896 5.14374e-06
928 1.6036e-06
960 2.39916e-06
992 1.96097e-06
1024 8.30276e-06
1056 1.34044e-06
1088 2.4295e-06
1120 2.42147e-06
1152 4.31593e-06
1184 2.258e-06
1216 2.09314e-06
1248 3.04284e-06
1280 1.92322e-06
1312 1.9679e-06
1344 1.45568e-06
1376 5.67655e-06
1408 1.14059e-06
1440 2.03767e-06
1472 8.77314e-07
1504 2.64767e-06
1536 1.63728e-06
1568 2.0242e-06
1600 1.75965e-06
1632 2.32447e-06
1664 2.2271e-06
1696 1.83271e-06
1728 3.35296e-06
1760 2.0068e-06
1792 1.67915e-06
1824 1.1901e-06
1856 3.50007e-06
1888 1.33137e-06
1920 1.50722e-06
1952 1.56448e-06
1984 4.97881e-06
2016 1.41131e-06
2048 7.31802e-06
2080 2.63284e-06
2112 1.85865e-06
2144 1.30181e-06
2176 1.51273e-06
2208 4.58126e-06
2240 2.40925e-06
2272 1.60546e-06
2304 1.38781e-06
2336 5.35729e-06
2368 1.72493e-06
2400 1.83289e-06
2432 1.85446e-06
2464 2.3363e-06
2496 2.14062e-06
2528 1.84071e-06
2560 2.92698e-06
2592 4.00937e-06
2624 2.25383e-06
2656 1.80372e-06
2688 2.07677e-06
2720 1.74285e-06
2752 1.80597e-06
2784 1.85349e-06
2816 3.91592e-06
2848 1.90069e-06
2880 2.12139e-06
2912 2.52785e-06
2944 5.12545e-06
2976 1.88409e-06
3008 1.72149e-06
3040 1.26859e-06
3072 3.54291e-06
3104 1.54346e-06
3136 1.46604e-06
3168 2.56524e-06
3200 1.62083e-06
3232 1.39732e-06
3264 1.20216e-06
3296 5.63182e-06
3328 1.79275e-06
3360 1.90252e-06
3392 1.8292e-06
3424 8.20999e-06
3456 1.54618e-06
3488 1.94067e-06
3520 2.28024e-06
3552 3.04242e-06
3584 1.64378e-06
3616 1.49819e-06
3648 2.7338e-06
3680 1.84138e-06
3712 1.87184e-06
3744 1.79416e-06
3776 3.0996e-06
3808 1.41288e-06
3840 1.49359e-06
3872 1.46454e-06
3904 1.66579e-06
3936 1.17404e-06
3968 1.49117e-06
4000 1.80733e-06
4032 1.71135e-06
4064 1.29713e-06
4096 1.41783e-06
4128 1.51415e-06
4160 1.97866e-06
4192 1.3292e-06
4224 1.21715e-06
4256 3.77302e-06
4288 1.27304e-06
4320 1.16132e-06
4352 1.11063e-06
4384 2.2518e-06
4416 1.29198e-06
4448 1.1321e-06
4480 1.57503e-06
4512 1.75261e-06
4544 1.3528e-06
4576 1.51839e-06
4608 2.19703e-06
4640 1.44798e-06
4672 1.0586e-06
4704 9.90952e-07
4736 1.63057e-06
4768 1.19059e-06
4800 1.12967e-06
4832 1.1045e-06
4864 1.53935e-06
4896 1.03418e-06
4928 1.07996e-06
4960 1.12028e-06
4992 1.62241e-06
5024 1.11336e-06
5056 1.00323e-06
5088 1.43873e-06
5120 1.15965e-06
5152 9.52284e-07
5184 9.04512e-07
5216 2.16689e-06
5248 1.1413e-06
5280 1.22724e-06
5312 1.20163e-06
5344 2.1461e-06
5376 1.04619e-06
5408 1.33834e-06
5440 1.53102e-06
5472 1.97009e-06
5504 1.1701e-06
5536 1.1414e-06
5568 1.4744e-06
5600 9.53967e-07
5632 1.04766e-06
5664 9.9664e-07
5696 1.46044e-06
5728 8.99173e-07
5760 1.14982e-06
5792 1.23739e-06
5824 1.26022e-06
5856 8.4909e-07
5888 1.07085e-06
5920 1.4092e-06
5952 1.49979e-06
5984 1.31657e-06
6016 9.08487e-07
6048 1.13052e-06
6080 1.03615e-06
6112 1.06905e-06
6144 9.76331e-07
6176 2.15915e-06
6208 1.04529e-06
6240 7.83952e-07
6272 8.97506e-07
6304 1.60262e-06
6336 1.1217e-06
6368 1.09844e-06
6400 1.22454e-06
6432 1.55134e-06
6464 9.58863e-07
6496 1.34407e-06
6528 1.64371e-06
6560 1.13515e-06
6592 1.25039e-06
6624 1.09541e-06
6656 2.49183e-06
6688 1.00373e-06
6720 9.66346e-07
6752 1.09348e-06
6784 2.29861e-06
6816 1.15375e-06
6848 1.27161e-06
6880 1.74645e-06
6912 2.49801e-06
6944 1.27845e-06
6976 1.30458e-06
7008 1.59423e-06
7040 1.07175e-06
7072 1.14505e-06
7104 1.12146e-06
7136 1.22999e-06
7168 1.31467e-06
7200 9.78298e-07
7232 1.26028e-06
7264 2.20124e-06
7296 1.11453e-06
7328 1.52159e-06
7360 1.76751e-06
7392 2.37751e-06
7424 1.43479e-06
7456 1.48842e-06
7488 2.84101e-06
7520 1.84256e-06
7552 1.14038e-06
7584 1.5302e-06
7616 3.90417e-06
7648 1.57177e-06
7680 2.70113e-06
7712 3.04809e-06
7744 4.14025e-06
7776 1.90355e-06
7808 6.2206e-06
7840 4.07751e-06
7872 2.78148e-06
7904 1.69278e-06
7936 2.19864e-06
7968 3.5034e-06
8000 2.00424e-06
8032 2.10707e-06
8064 7.79391e-06
8096 4.76571e-06
8128 1.50332e-06
8160 2.19921e-06
8192 2.29108e-06
8224 4.52322e-06
8256 1.66123e-06
8288 1.75348e-06
8320 2.87349e-06
8352 3.87116e-06
8384 1.5563e-06
8416 2.04886e-06
8448 3.37131e-06
8480 2.07543e-06
8512 1.37609e-06
8544 1.82087e-06
8576 3.05147e-06
8608 1.29665e-06
8640 1.44663e-06
8672 1.4538e-06
8704 1.66912e-06
8736 1.25516e-06
8768 1.56442e-06
8800 1.48557e-06
8832 2.03553e-06
8864 1.16997e-06
8896 1.21892e-06
8928 1.80473e-06
8960 1.45719e-06
8992 1.15191e-06
9024 1.22566e-06
9056 1.80811e-06
9088 1.22058e-06
9120 1.05767e-06
9152 1.28828e-06
9184 1.90661e-06
9216 1.32006e-06
9248 1.35795e-06
9280 1.41451e-06
9312 1.96889e-06
9344 9.19541e-07
9376 1.45719e-06
9408 1.52962e-06
9440 1.20531e-06
9472 1.22142e-06
9504 1.07558e-06
9536 1.60351e-06
9568 1.43568e-06
9600 1.25286e-06
9632 1.36078e-06
9664 1.55465e-06
9696 1.14174e-06
9728 1.58176e-06
9760 1.33656e-06
9792 1.35293e-06
9824 1.18697e-06
9856 1.2798e-06
9888 1.34135e-06
9920 1.29764e-06
9952 1.44412e-06
9984 1.30373e-06
10016 1.30888e-06
10048 1.20097e-06
10080 1.37854e-06
10112 1.24699e-06
10144 1.30963e-06
10176 1.23599e-06
10208 1.24359e-06
10240 1.06095e-06
10272 1.42212e-06
10304 1.4039e-06
10336 1.30034e-06
10368 1.38749e-06
10400 1.19238e-06
10432 1.3015e-06
10464 1.36805e-06
10496 1.52859e-06
10528 1.16344e-06
10560 1.21571e-06
10592 1.40361e-06
10624 1.81127e-06
10656 1.07717e-06
10688 1.31522e-06
10720 1.28758e-06
10752 1.40796e-06
10784 1.10646e-06
10816 1.33728e-06
10848 1.04431e-06
10880 9.90501e-07
10912 1.16809e-06
10944 1.09468e-06
10976 1.31348e-06
11008 1.17842e-06
11040 1.1755e-06
11072 1.12154e-06
11104 1.27959e-06
11136 1.42061e-06
11168 1.1062e-06
11200 1.1416e-06
11232 1.28533e-06
11264 1.20416e-06
11296 1.31252e-06
11328 1.38752e-06
11360 1.18828e-06
11392 1.30432e-06
11424 1.19488e-06
11456 1.1456e-06
11488 1.23311e-06
11520 1.39442e-06
11552 1.45656e-06
11584 1.4251e-06
11616 1.13796e-06
11648 1.43284e-06
11680 1.08979e-06
11712 1.23597e-06
11744 1.30887e-06
11776 1.09906e-06
11808 1.42993e-06
11840 1.32373e-06
11872 1.56087e-06
11904 1.4957e-06
11936 1.85057e-06
11968 1.65234e-06
12000 1.20945e-06
12032 1.27451e-06
12064 1.87981e-06
12096 1.36796e-06
12128 1.34883e-06
12160 1.4631e-06
12192 1.23704e-06
12224 1.09385e-06
12256 1.26037e-06
12288 1.17839e-06
12320 1.13563e-06
12352 2.26101e-06
12384 1.88852e-06
12416 1.82501e-06
12448 1.16992e-06
12480 1.43859e-06
12512 1.58194e-06
12544 1.42047e-06
12576 1.33474e-06
12608 1.32984e-06
12640 1.15187e-06
12672 1.3504e-06
12704 1.50803e-06
12736 1.39304e-06
12768 1.93926e-06
12800 1.57906e-06
12832 1.34158e-06
12864 1.42101e-06
12896 1.55018e-06
12928 1.45551e-06
12960 1.40913e-06
12992 1.49027e-06
13024 1.30052e-06
13056 1.40615e-06
13088 1.38168e-06
13120 1.3086e-06
13152 1.47906e-06
13184 1.76087e-06
13216 1.24763e-06
13248 1.55038e-06
13280 1.33589e-06
13312 1.44552e-06
13344 1.07245e-06
13376 1.50481e-06
13408 1.23867e-06
13440 1.38977e-06
13472 1.27452e-06
13504 1.58803e-06
13536 1.20527e-06
13568 1.39516e-06
13600 1.55295e-06
13632 1.72838e-06
13664 1.36353e-06
13696 1.31396e-06
13728 1.36881e-06
13760 1.2987e-06
13792 1.8121e-06
13824 1.45435e-06
13856 1.4475e-06
13888 1.32986e-06
13920 1.73036e-06
13952 1.10912e-06
13984 1.49114e-06
14016 1.73528e-06
14048 1.6248e-06
14080 1.52478e-06
14112 1.20266e-06
14144 1.29413e-06
14176 1.08871e-06
14208 1.36594e-06
14240 1.41904e-06
14272 1.43551e-06
14304 1.37439e-06
14336 1.49823e-06
14368 1.17441e-06
14400 1.63964e-06
14432 1.26994e-06
14464 1.66109e-06
14496 1.44345e-06
14528 1.42138e-06
14560 1.66766e-06
14592 1.18209e-06
14624 1.24331e-06
14656 1.29933e-06
14688 1.2843e-06
14720 1.53257e-06
14752 1.53194e-06
14784 1.2449e-06
14816 1.25318e-06
14848 1.50073e-06
14880 1.42816e-06
14912 1.33171e-06
14944 1.54556e-06
14976 1.54749e-06
15008 1.67985e-06
15040 1.4888e-06
15072 1.52118e-06
15104 1.56402e-06
15136 1.61163e-06
15168 1.48337e-06
15200 1.37457e-06
15232 1.54481e-06
15264 1.37424e-06
15296 1.75373e-06
15328 1.35175e-06
15360 1.34649e-06
15392 1.68704e-06
15424 1.20551e-06
15456 1.2258e-06
15488 1.57302e-06
15520 1.33354e-06
15552 1.66532e-06
15584 1.64098e-06
15616 1.40116e-06
15648 1.44467e-06
15680 1.58882e-06
15712 1.86871e-06
15744 1.49078e-06
15776 1.28619e-06
15808 1.81049e-06
15840 1.93882e-06
15872 1.81334e-06
15904 1.43154e-06
15936 1.4794e-06
15968 1.42378e-06
16000 1.35437e-06
16032 1.82283e-06
16064 1.46381e-06
16096 1.728e-06
16128 2.64244e-06
16160 1.60064e-06
16192 1.70372e-06
16224 1.49347e-06
16256 1.46854e-06
16288 1.76146e-06
16320 1.47911e-06
16352 1.74608e-06
16384 1.44546e-06
16416 2.12174e-06
16448 2.05816e-06
16480 1.47441e-06
16512 1.98702e-06
16544 4.66851e-06
16576 2.14054e-06
16608 1.98884e-06
16640 1.40308e-06
16672 2.13509e-06
16704 1.52849e-06
16736 1.75548e-06
16768 1.65957e-06
16800 2.01432e-06
16832 1.92027e-06
16864 2.26626e-06
16896 1.92223e-06
16928 2.86718e-06
16960 5.51556e-06
16992 2.32228e-06
17024 2.2822e-06
17056 2.96124e-06
17088 7.00509e-06
17120 3.2788e-05
17152 4.7743e-06
17184 3.05857e-06
17216 2.54935e-06
17248 2.26928e-06
17280 1.85888e-06
17312 1.8975e-06
17344 1.96975e-06
17376 4.54954e-06
17408 1.73194e-06
17440 1.98273e-06
17472 1.93233e-06
17504 1.58175e-06
17536 1.53662e-06
17568 1.63413e-06
17600 2.38079e-06
17632 1.46902e-06
17664 1.8863e-06
17696 1.4953e-06
17728 1.48497e-06
17760 1.85257e-06
17792 4.37807e-06
17824 1.82487e-06
17856 1.66188e-06
17888 1.4768e-06
17920 1.64456e-06
17952 1.82739e-06
17984 2.00737e-06
18016 1.55081e-06
18048 1.59281e-06
18080 1.4492e-06
18112 1.78732e-06
18144 1.50656e-06
18176 1.53713e-06
18208 2.8385e-06
18240 1.7777e-06
18272 1.71876e-06
18304 1.84557e-06
18336 2.05416e-06
18368 1.53357e-06
18400 1.45225e-06
18432 1.67072e-06
18464 2.05597e-06
18496 2.01704e-06
18528 2.04297e-06
18560 2.06134e-06
18592 1.90192e-06
18624 2.42384e-06
18656 1.9773e-06
18688 1.75737e-06
18720 1.70328e-06
18752 1.91677e-06
18784 2.08498e-06
18816 1.9249e-06
18848 2.1524e-06
18880 1.74388e-06
18912 2.14959e-06
18944 1.95004e-06
18976 1.84369e-06
19008 5.19587e-06
19040 2.55483e-06
19072 2.0854e-06
19104 2.39686e-06
19136 7.88345e-06
19168 2.78936e-06
19200 2.23778e-06
19232 4.65973e-06
19264 8.0438e-06
19296 2.62828e-06
19328 2.72657e-06
19360 4.23997e-06
19392 4.03242e-06
19424 2.03967e-06
19456 2.07875e-06
19488 1.77936e-06
19520 2.65197e-06
19552 3.66935e-06
19584 1.89597e-05
19616 5.25969e-06
19648 2.7371e-06
19680 3.08435e-06
19712 2.11943e-06
19744 1.99519e-06
19776 1.64111e-06
19808 2.10794e-06
19840 1.81804e-06
19872 2.06739e-06
19904 1.92936e-06
19936 1.95301e-06
19968 2.4185e-06
20000 1.49031e-06
20032 1.82103e-06
20064 1.76381e-06
20096 1.69378e-06
20128 2.30984e-06
20160 1.73933e-06
20192 2.14216e-06
20224 1.886e-06
20256 1.98619e-06
20288 1.86356e-06
20320 2.17022e-06
20352 2.21887e-06
20384 2.48331e-06
20416 2.37003e-06
20448 2.3865e-06
20480 2.01667e-06
20512 2.16802e-06
20544 2.25037e-06
20576 1.66732e-06
20608 2.50664e-06
20640 2.2156e-06
20672 1.80148e-06
20704 2.02561e-06
20736 2.46462e-06
20768 2.19067e-06
20800 2.11692e-06
20832 1.73994e-06
20864 2.32845e-06
20896 2.19458e-06
20928 1.77583e-06
20960 1.88361e-06
20992 2.24061e-06
21024 2.33646e-06
21056 1.91288e-06
21088 2.30356e-06
21120 2.43741e-06
21152 2.0973e-06
21184 2.01743e-06
21216 2.31761e-06
21248 2.23621e-06
21280 1.82921e-06
21312 2.4048e-06
21344 2.3093e-06
21376 2.59736e-06
21408 2.45274e-06
21440 1.91232e-06
21472 2.50346e-06
21504 1.79863e-06
21536 2.40618e-06
21568 2.55432e-06
21600 2.09139e-06
21632 1.977e-06
21664 2.07149e-06
21696 2.30626e-06
21728 2.92341e-06
21760 1.91352e-06
21792 1.9715e-06
21824 1.98621e-06
21856 2.42523e-06
21888 2.19094e-06
21920 1.8397e-06
21952 2.18024e-06
21984 2.25742e-06
22016 2.00373e-06
22048 2.13896e-06
22080 2.39852e-06
22112 2.03551e-06
22144 2.37823e-06
22176 1.88112e-06
22208 1.86811e-06
22240 2.86186e-06
22272 2.40263e-06
22304 2.09921e-06
22336 2.10492e-06
22368 1.99989e-06
22400 2.27637e-06
22432 2.44967e-06
22464 1.90019e-06
22496 2.44719e-06
22528 2.41249e-06
22560 2.10513e-06
22592 2.49937e-06
22624 2.44463e-06
22656 2.31913e-06
22688 2.44387e-06
22720 2.39815e-06
22752 1.96033e-06
22784 2.33161e-06
22816 2.47314e-06
22848 2.25035e-06
22880 2.24805e-06
22912 2.44364e-06
22944 2.29419e-06
22976 2.57795e-06
23008 2.48074e-06
23040 2.92249e-06
23072 2.8466e-06
23104 2.63952e-06
23136 2.71301e-06
23168 2.04364e-06
23200 2.9698e-06
23232 2.68499e-06
23264 2.74023e-06
23296 2.12956e-06
23328 3.10091e-06
23360 2.58653e-06
23392 2.43521e-06
23424 2.46096e-06
23456 3.1068e-06
23488 2.39197e-06
23520 2.0747e-06
23552 2.23688e-06
23584 2.23366e-06
23616 2.44295e-06
23648 2.74718e-06
23680 2.4666e-06
23712 3.09326e-06
23744 2.39646e-06
23776 2.54523e-06
23808 2.1518e-06
23840 2.4803e-06
23872 3.39121e-06
23904 2.43766e-06
23936 3.24958e-06
23968 2.52273e-06
24000 2.87773e-06
24032 2.42389e-06
24064 2.82979e-06
24096 2.4037e-06
24128 2.87092e-06
24160 2.90527e-06
24192 3.1019e-06
24224 3.16565e-06
24256 2.87458e-06
24288 3.0511e-06
24320 2.32152e-06
24352 2.82042e-06
24384 3.11622e-06
24416 2.64723e-06
24448 2.65354e-06
24480 3.10045e-06
24512 2.82586e-06
24544 2.88625e-06
24576 3.03225e-06
24608 2.47777e-06
24640 2.94011e-06
24672 2.34098e-06
24704 2.81915e-06
24736 2.84227e-06
24768 2.23997e-06
24800 2.23131e-06
24832 2.8309e-06
24864 2.67877e-06
24896 2.8694e-06
24928 2.56148e-06
24960 3.19282e-06
24992 3.09409e-06
25024 3.43219e-06
25056 2.69788e-06
25088 2.39782e-06
25120 3.15066e-06
25152 3.04411e-06
25184 2.72788e-06
25216 2.90485e-06
25248 2.58296e-06
25280 2.79836e-06
25312 3.03032e-06
25344 2.43059e-06
25376 2.9337e-06
25408 2.53549e-06
25440 2.16977e-06
25472 3.03481e-06
25504 3.17339e-06
25536 3.11106e-06
25568 2.74472e-06
25600 2.6169e-06
