0 0.000220697
1 5.63587e-06
2 5.30411e-06
3 4.29924e-06
4 6.937e-06
5 2.21899e-06
6 2.79959e-06
7 3.21689e-06
8 7.42031e-06
9 2.07868e-06
10 1.77919e-06
11 2.20537e-06
12 6.78454e-06
13 3.05823e-06
14 1.30864e-06
15 2.23918e-06
16 7.19979e-06
17 2.12139e-06
18 2.23798e-06
19 2.47653e-06
20 6.0022e-06
21 1.8458e-06
22 2.08694e-06
23 2.62216e-06
24 5.78227e-06
25 1.35115e-06
26 1.97564e-06
27 3.984e-06
28 6.2783e-06
29 2.48123e-06
30 2.0546e-06
31 3.25655e-06
32 5.74575e-06
33 2.62461e-06
34 2.08381e-06
35 3.37507e-06
36 5.36618e-06
37 2.12157e-06
38 2.70635e-06
39 3.88903e-06
40 3.98538e-06
41 3.08714e-06
42 2.71356e-06
43 4.17487e-06
44 5.25558e-06
45 1.63756e-06
46 2.27027e-06
47 4.513e-06
48 3.78057e-06
49 2.15678e-06
50 1.80606e-06
51 5.21788e-06
52 3.98113e-06
53 2.08331e-06
54 1.80069e-06
55 5.74364e-06
56 3.53579e-06
57 2.1846e-06
58 2.07531e-06
59 5.78029e-06
60 0.000200858
61 2.9642e-06
62 2.3544e-06
63 6.50775e-06
64 2.42986e-06
65 2.61051e-06
66 1.42608e-06
67 5.98303e-06
68 2.15399e-06
69 1.50218e-06
70 1.47055e-06
71 6.02444e-06
72 1.96674e-06
73 1.19093e-06
74 1.18493e-06
75 6.10642e-06
76 1.92057e-06
77 1.16412e-06
78 2.15522e-06
79 6.40063e-06
80 1.49427e-06
81 1.6091e-06
82 1.53508e-06
83 6.44222e-06
84 1.45984e-06
85 8.56032e-07
86 9.91867e-07
87 6.59969e-06
88 2.31922e-06
89 1.33824e-06
90 1.39634e-06
91 6.39261e-06
92 2.31595e-06
93 3.34061e-06
94 1.62175e-06
95 6.06546e-06
96 1.87682e-06
97 1.51862e-06
98 1.65004e-06
99 5.05601e-06
100 1.01094e-06
101 1.03373e-06
102 2.76086e-06
103 5.59941e-06
104 1.54728e-06
105 1.54699e-06
106 1.79246e-06
107 5.39418e-06
108 1.90848e-06
109 1.7396e-06
110 1.88311e-06
111 4.91352e-06
112 1.59161e-06
113 1.55792e-06
114 2.37243e-06
115 5.09848e-06
116 1.7772e-06
117 1.5734e-06
118 2.6432e-06
119 5.65946e-06
120 1.68385e-05
121 1.70732e-06
122 3.06976e-06
123 4.16728e-06
124 1.87694e-06
125 1.78441e-06
126 3.29146e-06
127 3.80539e-06
128 1.69091e-06
129 1.65583e-06
130 3.84663e-06
131 3.90189e-06
132 2.17063e-06
133 1.63414e-06
134 3.61996e-06
135 3.57448e-06
136 1.69691e-06
137 2.13596e-06
138 4.21591e-06
139 2.75247e-06
140 1.63187e-06
141 1.28996e-06
142 3.77242e-06
143 2.74918e-06
144 1.69196e-06
145 1.82544e-06
146 5.258e-06
147 3.22275e-06
148 4.15931e-06
149 2.72397e-06
150 4.80422e-06
151 1.81679e-06
152 3.7781e-06
153 1.52877e-06
154 4.57023e-06
155 1.3044e-06
156 2.07728e-06
157 9.77139e-07
158 4.81025e-06
159 1.19608e-06
160 1.2139e-06
161 1.31194e-06
162 5.29085e-06
163 1.52034e-06
164 1.45863e-06
165 1.41218e-06
166 4.5815e-06
167 1.45018e-06
168 1.19278e-06
169 1.13253e-06
170 4.77145e-06
171 9.65913e-07
172 6.30687e-07
173 1.04688e-06
174 4.86888e-06
175 2.58824e-06
176 1.69776e-06
177 1.91867e-06
178 5.82122e-06
179 3.69251e-06
180 0.000114281
181 3.36015e-06
182 5.44958e-06
183 1.7437e-06
184 1.87485e-06
185 2.11217e-06
186 3.77841e-06
187 1.43202e-06
188 1.70355e-06
189 1.6521e-06
190 3.46488e-06
191 9.24071e-07
192 1.4105e-06
193 1.68309e-06
194 3.56233e-06
195 1.25614e-06
196 1.34507e-06
197 1.99185e-06
198 4.29094e-06
199 1.47783e-06
200 1.71068e-06
201 1.76539e-06
202 3.24263e-06
203 1.39027e-06
204 1.17819e-06
205 1.98352e-06
206 2.77446e-06
207 1.30822e-06
208 1.10604e-06
209 2.30891e-06
210 3.18344e-06
211 1.69677e-06
212 2.66511e-06
213 2.69444e-06
214 3.05969e-06
215 1.74579e-06
216 1.66379e-06
217 2.86415e-06
218 2.08946e-06
219 9.70816e-07
220 1.3353e-06
221 2.39448e-06
222 2.36588e-06
223 9.4339e-07
224 1.02614e-06
225 2.86976e-06
226 1.82304e-06
227 1.38147e-06
228 1.57677e-06
229 3.25091e-06
230 2.30564e-06
231 1.39509e-06
232 1.22356e-06
233 2.47687e-06
234 1.63552e-06
235 1.31556e-06
236 1.31048e-06
237 3.32116e-06
238 1.436e-06
239 3.39421e-06
240 1.41789e-05
241 2.96278e-06
242 1.14803e-06
243 1.04281e-06
244 1.09784e-06
245 2.39206e-06
246 1.22211e-06
247 1.26006e-06
248 9.37401e-07
249 2.87436e-06
250 2.21747e-06
251 1.04968e-06
252 1.05523e-06
253 2.38587e-06
254 7.4806e-07
255 7.42643e-07
256 1.044e-06
257 2.46153e-06
258 1.93459e-06
259 6.45784e-07
260 9.15263e-07
261 2.08641e-06
262 1.13799e-06
263 6.84983e-07
264 9.91702e-07
265 2.14144e-06
266 1.18592e-06
267 2.19527e-06
268 1.66878e-06
269 2.09289e-06
270 1.64264e-06
271 7.1483e-07
272 9.63712e-07
273 1.99925e-06
274 8.40927e-07
275 9.70538e-07
276 1.82957e-06
277 1.43179e-06
278 1.4013e-06
279 1.1493e-06
280 1.56688e-06
281 1.72561e-06
282 1.42386e-06
283 7.6053e-07
284 1.47933e-06
285 1.77029e-06
286 8.6635e-07
287 8.07288e-07
288 1.19754e-06
289 1.40005e-06
290 5.49983e-07
291 1.00534e-06
292 1.70959e-06
293 1.57384e-06
294 9.93649e-07
295 1.15128e-06
296 1.39006e-06
297 1.49365e-06
298 2.63718e-06
299 6.64296e-06
300 7.20212e-05
301 3.26397e-06
302 1.84121e-06
303 1.40452e-06
304 1.45359e-06
305 1.56032e-06
306 1.69625e-06
307 1.27557e-06
308 1.55568e-06
309 1.27972e-06
310 8.21652e-07
311 9.57734e-07
312 1.56358e-06
313 1.48117e-06
314 6.76237e-07
315 6.82067e-07
316 1.1475e-06
317 8.38053e-07
318 1.14646e-06
319 8.56856e-07
320 1.7667e-06
321 7.40424e-07
322 1.8855e-06
323 8.3995e-07
324 1.52366e-06
325 7.47866e-07
326 1.05256e-06
327 9.82526e-07
328 1.23287e-06
329 1.14324e-06
330 1.30014e-06
331 1.31027e-06
332 2.25754e-06
333 3.19832e-06
334 1.20798e-05
335 5.95058e-06
336 2.26126e-06
337 1.45872e-06
338 1.30039e-06
339 9.70982e-07
340 1.80931e-06
341 1.07972e-06
342 1.37847e-06
343 6.92365e-07
344 1.6192e-06
345 9.3501e-07
346 5.4502e-07
347 6.93473e-07
348 7.76832e-07
349 6.03303e-07
350 7.17633e-07
351 8.47674e-07
352 1.11859e-06
353 6.14675e-07
354 7.24198e-07
355 9.53565e-07
356 1.24727e-06
357 1.07978e-06
358 1.94495e-06
359 5.39924e-06
360 1.27869e-05
361 1.31405e-06
362 9.18206e-07
363 9.12471e-07
364 8.4598e-07
365 5.43604e-07
366 8.87586e-07
367 7.96357e-07
368 1.02837e-06
369 7.49552e-07
370 9.45305e-07
371 8.19523e-07
372 9.92778e-07
373 8.11574e-07
374 8.05841e-07
375 1.742e-06
376 9.30109e-07
377 1.02312e-06
378 1.59835e-06
379 9.55309e-07
380 1.41658e-06
381 1.09965e-06
382 1.06135e-06
383 9.38906e-07
384 1.79221e-06
385 5.74724e-07
386 8.65387e-07
387 8.70948e-07
388 9.64254e-07
389 5.59569e-07
390 9.08605e-07
391 7.49565e-07
392 8.05289e-07
393 4.31386e-07
394 9.35825e-07
395 6.91205e-07
396 1.11374e-06
397 8.36405e-07
398 1.0972e-06
399 9.65308e-07
400 1.50177e-06
401 4.27963e-07
402 1.26317e-06
403 5.71601e-07
404 1.08047e-06
405 8.49905e-07
406 7.39876e-07
407 9.1932e-07
408 6.25234e-07
409 1.16949e-06
410 6.50907e-07
411 7.61476e-07
412 6.81456e-07
413 8.25716e-07
414 1.28106e-06
415 9.6661e-07
416 8.28605e-07
417 1.09053e-06
418 1.64983e-06
419 6.35954e-06
420 2.71139e-05
421 1.2857e-06
422 7.56393e-07
423 1.12232e-06
424 1.34693e-06
425 6.39929e-07
426 1.12296e-06
427 8.47694e-07
428 6.82027e-07
429 7.93523e-07
430 7.33536e-07
431 1.35008e-06
432 1.10341e-06
433 6.37381e-07
434 6.22862e-07
435 1.25605e-06
436 8.65872e-07
437 9.38462e-07
438 1.20305e-06
439 7.54587e-07
440 1.07232e-06
441 7.49818e-07
442 1.15557e-06
443 1.06339e-06
444 1.07996e-06
445 6.72728e-07
446 8.04092e-07
447 1.24537e-06
448 7.50482e-07
449 5.84988e-07
450 9.13604e-07
451 1.10205e-06
452 1.23399e-06
453 1.0837e-06
454 1.04473e-06
455 9.73023e-07
456 1.84827e-06
457 1.53962e-06
458 1.35626e-06
459 1.34658e-06
460 1.74477e-06
461 5.10749e-07
462 1.27516e-06
463 1.18591e-06
464 7.30723e-07
465 6.12355e-07
466 8.57169e-07
467 1.15343e-06
468 7.47874e-07
469 7.93627e-07
470 9.3827e-07
471 1.2271e-06
472 1.07313e-06
473 7.48391e-07
474 1.17168e-06
475 6.06203e-07
476 1.15661e-06
477 8.48528e-07
478 1.91741e-06
479 5.33617e-06
480 9.35436e-06
481 6.40564e-07
482 1.27416e-06
483 1.03411e-06
484 1.17993e-06
485 6.57748e-07
486 1.76506e-06
487 1.15886e-06
488 7.11056e-07
489 8.63813e-07
490 1.93157e-06
491 7.16943e-07
492 8.2876e-07
493 6.54078e-07
494 1.47067e-06
495 6.96813e-07
496 7.67505e-07
497 6.15988e-07
498 1.74336e-06
499 9.23346e-07
500 2.1691e-06
501 6.92359e-07
502 1.74859e-06
503 8.17512e-07
504 1.62223e-06
505 7.60209e-07
506 1.07347e-06
507 8.07549e-07
508 6.96613e-07
509 5.15466e-07
510 1.73772e-06
511 6.04929e-07
512 2.40249e-06
513 7.81005e-07
514 2.05885e-06
515 6.67068e-07
516 6.13519e-07
517 5.95832e-07
518 1.64851e-06
519 5.90881e-07
520 1.62026e-06
521 7.31965e-07
522 1.50567e-06
523 4.65452e-07
524 1.24531e-06
525 6.84871e-07
526 1.59804e-06
527 7.09548e-07
528 8.33749e-07
529 8.0223e-07
530 1.61684e-06
531 5.01662e-07
532 8.43041e-07
533 8.40306e-07
534 1.57335e-06
535 8.74261e-07
536 7.32412e-07
537 9.60459e-07
538 1.33804e-06
539 2.91792e-06
540 2.22015e-05
541 2.37697e-06
542 1.49047e-06
543 1.07219e-06
544 9.90126e-07
545 7.98705e-07
546 1.26972e-06
547 6.03181e-07
548 6.39269e-07
549 5.71277e-07
550 1.37677e-06
551 8.2587e-07
552 1.03823e-06
553 9.64327e-07
554 1.00224e-06
555 7.14759e-07
556 1.08754e-06
557 9.22763e-07
558 1.34739e-06
559 8.93984e-07
560 5.76907e-07
561 1.03805e-06
562 1.39231e-06
563 1.17809e-06
564 1.61081e-06
565 1.09314e-06
566 9.99464e-07
567 8.32496e-07
568 9.14743e-07
569 1.14142e-06
570 1.0383e-06
571 7.43104e-07
572 7.63607e-07
573 1.31225e-06
574 8.01312e-07
575 5.47587e-07
576 7.67979e-07
577 9.44593e-07
578 8.15911e-07
579 7.24837e-07
580 1.02097e-06
581 1.00949e-06
582 1.09563e-06
583 5.9262e-07
584 9.06684e-07
585 9.51561e-07
586 8.90688e-07
587 6.41685e-07
588 6.69728e-07
589 1.49195e-06
590 5.76994e-07
591 4.05771e-07
592 9.88831e-07
593 1.24318e-06
594 1.19186e-06
595 1.08186e-06
596 8.94572e-07
597 9.68264e-07
598 1.17632e-06
599 4.20686e-06
600 1.23645e-05
601 8.56528e-07
602 7.62715e-07
603 5.65183e-07
604 1.13108e-06
605 1.04784e-06
606 5.98213e-07
607 6.43614e-07
608 8.30914e-07
609 9.9059e-07
610 6.74831e-07
611 9.44238e-07
612 6.26262e-07
613 9.58727e-07
614 6.15967e-07
615 4.59877e-07
616 7.02914e-07
617 9.50004e-07
618 7.35986e-07
619 5.14813e-07
620 7.99828e-07
621 7.24852e-07
622 1.32427e-06
623 5.14192e-07
624 1.3871e-06
625 1.34228e-06
626 5.68103e-07
627 4.91543e-07
628 4.36418e-07
629 6.75955e-07
630 8.20892e-07
631 5.45736e-07
632 7.71938e-07
633 9.10486e-07
634 1.17002e-06
635 5.9956e-07
636 7.45034e-07
637 6.37617e-07
638 4.80181e-07
639 3.48144e-07
640 1.82624e-06
641 7.1938e-07
642 1.18023e-06
643 7.29571e-07
644 1.25581e-06
645 5.73997e-07
646 1.313e-06
647 7.04685e-07
648 6.41063e-07
649 1.03551e-06
650 5.37467e-07
651 7.21538e-07
652 1.17748e-06
653 6.34806e-07
654 1.12684e-06
655 9.24882e-07
656 7.97902e-07
657 1.05809e-06
658 1.43066e-06
659 3.94634e-06
660 1.91913e-05
661 1.54036e-06
662 1.0186e-06
663 6.92583e-07
664 1.78429e-06
665 8.89732e-07
666 1.56391e-06
667 2.36976e-06
668 6.62227e-06
669 6.30446e-06
670 2.15902e-06
671 9.20135e-07
672 9.97554e-07
673 7.12967e-07
674 6.29088e-07
675 8.01938e-07
676 1.04076e-06
677 5.25498e-07
678 7.51365e-07
679 6.13743e-07
680 1.17151e-06
681 5.82154e-07
682 1.20331e-06
683 9.66328e-07
684 1.86052e-06
685 1.49424e-06
686 9.66668e-07
687 1.37286e-06
688 1.18953e-06
689 5.93043e-07
690 8.2496e-07
691 5.58496e-07
692 9.43172e-07
693 5.84495e-07
694 9.02552e-07
695 6.66878e-07
696 3.95671e-07
697 4.28726e-07
698 7.13454e-07
699 4.19648e-07
700 1.12181e-06
701 7.60827e-07
702 7.48631e-07
703 4.9984e-07
704 1.11675e-06
705 5.05882e-07
706 1.0687e-06
707 3.07533e-07
708 6.45383e-07
709 6.55168e-07
710 6.10441e-07
711 9.12618e-07
712 1.04265e-06
713 7.43168e-07
714 7.57287e-07
715 6.84945e-07
716 5.66118e-07
717 5.75973e-07
718 1.08249e-06
719 1.76161e-06
720 1.2534e-05
721 7.98446e-07
722 1.20985e-06
723 5.0201e-07
724 1.19584e-06
725 7.36974e-07
726 7.02341e-07
727 7.50299e-07
728 7.73744e-07
729 6.94023e-07
730 6.58867e-07
731 6.20266e-07
732 5.45525e-07
733 5.29374e-07
734 6.5384e-07
735 6.05941e-07
736 6.90052e-07
737 5.4906e-07
738 6.21358e-07
739 6.62148e-07
740 7.56817e-07
741 5.3788e-07
742 1.06648e-06
743 6.78706e-07
744 6.45362e-07
745 4.72177e-07
746 1.0308e-06
747 7.93184e-07
748 8.28246e-07
749 6.45894e-07
750 1.36213e-06
751 9.76751e-07
752 8.28452e-07
753 6.1048e-07
754 1.09054e-06
755 1.40602e-06
756 6.71892e-07
757 4.66137e-07
758 7.31034e-07
759 1.37905e-06
760 1.5718e-06
761 1.54948e-06
762 1.18066e-06
763 1.32398e-06
764 9.30131e-07
765 4.64232e-07
766 1.28089e-06
767 6.06762e-07
768 7.02978e-07
769 7.29662e-07
770 6.94776e-07
771 1.31817e-06
772 1.30056e-06
773 6.97958e-07
774 1.34681e-06
775 1.12608e-06
776 1.15658e-06
777 1.11979e-06
778 2.31982e-06
779 4.65731e-06
780 3.00524e-05
781 2.99797e-06
782 1.54532e-06
783 1.53748e-06
784 1.92175e-06
785 1.06492e-06
786 1.18088e-06
787 9.98331e-07
788 1.07191e-06
789 8.6488e-07
790 8.81168e-07
791 1.12421e-06
792 4.46638e-07
793 5.17456e-07
794 7.32199e-07
795 1.06443e-06
796 5.15396e-07
797 7.2462e-07
798 9.28374e-07
799 9.40827e-07
800 7.0483e-07
