0 0.00170145
1 0.0013042
2 0.000530163
3 0.000415917
4 0.000288124
5 0.000159726
6 0.000161279
7 9.76688e-05
8 0.000122296
9 7.10934e-05
10 8.61035e-05
11 4.73633e-05
12 9.68594e-05
13 4.30717e-05
14 6.32555e-05
15 4.41005e-05
16 8.61278e-05
17 3.00819e-05
18 5.19694e-05
19 2.82394e-05
20 0.000100099
21 3.57877e-05
22 3.28485e-05
23 4.47241e-05
24 6.75472e-05
25 3.6235e-05
26 2.65653e-05
27 5.04988e-05
28 6.51055e-05
29 3.79292e-05
30 3.44708e-05
31 5.61692e-05
32 5.77165e-05
33 2.65991e-05
34 2.61698e-05
35 4.00849e-05
36 6.23018e-05
37 3.49978e-05
38 3.02405e-05
39 5.14423e-05
40 5.37279e-05
41 3.05906e-05
42 2.55567e-05
43 5.34518e-05
44 4.97279e-05
45 2.89786e-05
46 2.56371e-05
47 5.10384e-05
48 4.94805e-05
49 2.83755e-05
50 2.368e-05
51 5.4716e-05
52 4.46361e-05
53 3.11881e-05
54 2.54648e-05
55 7.37777e-05
56 3.25083e-05
57 3.06039e-05
58 2.44267e-05
59 7.50857e-05
60 0.00224796
61 3.60056e-05
62 2.27919e-05
63 6.60808e-05
64 3.62038e-05
65 2.78583e-05
66 1.36959e-05
67 5.93191e-05
68 2.73094e-05
69 2.11614e-05
70 1.98158e-05
71 7.02465e-05
72 1.85031e-05
73 1.36069e-05
74 1.76745e-05
75 7.39226e-05
76 1.44652e-05
77 1.18238e-05
78 2.0761e-05
79 6.43324e-05
80 1.72919e-05
81 1.46184e-05
82 1.79946e-05
83 6.90697e-05
84 1.78993e-05
85 1.48228e-05
86 1.44567e-05
87 7.26276e-05
88 2.02232e-05
89 1.67665e-05
90 1.34004e-05
91 7.14736e-05
92 2.35818e-05
93 4.8571e-05
94 3.0882e-05
95 6.72868e-05
96 2.55009e-05
97 1.71276e-05
98 1.96258e-05
99 6.19728e-05
100 1.87148e-05
101 9.78859e-06
102 2.63248e-05
103 5.60458e-05
104 2.24468e-05
105 1.49362e-05
106 2.28534e-05
107 6.12965e-05
108 2.16745e-05
109 1.79285e-05
110 2.54469e-05
111 5.93178e-05
112 2.19019e-05
113 2.33627e-05
114 3.32411e-05
115 5.1878e-05
116 1.92671e-05
117 1.82423e-05
118 3.63346e-05
119 6.29024e-05
120 0.0001138
121 1.85775e-05
122 3.89319e-05
123 4.57199e-05
124 1.94923e-05
125 2.61739e-05
126 4.20141e-05
127 3.9727e-05
128 2.34082e-05
129 2.21915e-05
130 4.32031e-05
131 3.74971e-05
132 1.67265e-05
133 1.69556e-05
134 4.12397e-05
135 3.69864e-05
136 2.19878e-05
137 2.0534e-05
138 5.19195e-05
139 2.78293e-05
140 2.28964e-05
141 2.00882e-05
142 4.65372e-05
143 2.53542e-05
144 2.67417e-05
145 2.3248e-05
146 6.00506e-05
147 4.93791e-05
148 3.58201e-05
149 2.216e-05
150 4.79093e-05
151 2.26933e-05
152 1.5825e-05
153 1.659e-05
154 5.15369e-05
155 2.2099e-05
156 2.2136e-05
157 1.71364e-05
158 5.58431e-05
159 1.99368e-05
160 1.51009e-05
161 1.71526e-05
162 6.88621e-05
163 1.27917e-05
164 1.26744e-05
165 1.35893e-05
166 4.08236e-05
167 2.20718e-05
168 1.34199e-05
169 1.65014e-05
170 5.97324e-05
171 1.74776e-05
172 2.80658e-05
173 2.52257e-05
174 4.60027e-05
175 3.74844e-05
176 2.8693e-05
177 5.70725e-05
178 0.000100369
179 0.000153421
180 0.0032377
181 0.000167849
182 0.000103581
183 5.72852e-05
184 4.25417e-05
185 3.90441e-05
186 4.71308e-05
187 2.5006e-05
188 3.02774e-05
189 2.59996e-05
190 5.364e-05
191 2.05611e-05
192 1.3981e-05
193 1.7515e-05
194 4.01505e-05
195 1.54707e-05
196 1.46022e-05
197 1.83485e-05
198 4.22157e-05
199 1.80555e-05
200 1.63297e-05
201 2.30829e-05
202 4.03121e-05
203 1.5299e-05
204 1.48794e-05
205 2.45321e-05
206 3.27727e-05
207 1.42682e-05
208 1.6575e-05
209 2.91409e-05
210 2.89253e-05
211 1.66285e-05
212 1.7152e-05
213 4.4424e-05
214 2.56328e-05
215 1.6722e-05
216 1.96078e-05
217 2.88135e-05
218 2.69689e-05
219 1.34532e-05
220 1.20581e-05
221 2.67925e-05
222 2.05295e-05
223 1.21827e-05
224 1.55192e-05
225 2.99335e-05
226 1.99284e-05
227 1.42682e-05
228 1.91419e-05
229 3.01762e-05
230 1.81069e-05
231 1.58503e-05
232 1.78148e-05
233 2.58739e-05
234 1.73389e-05
235 1.34246e-05
236 9.45935e-06
237 2.86233e-05
238 1.72682e-05
239 4.78565e-05
240 9.65889e-05
241 3.78137e-05
242 1.66441e-05
243 1.29168e-05
244 1.30082e-05
245 2.67348e-05
246 1.69539e-05
247 8.22147e-06
248 1.30383e-05
249 2.97608e-05
250 2.0227e-05
251 1.02855e-05
252 1.43188e-05
253 2.91526e-05
254 1.39855e-05
255 1.00905e-05
256 1.09758e-05
257 2.6349e-05
258 1.95378e-05
259 1.14817e-05
260 8.09581e-06
261 2.58436e-05
262 1.35712e-05
263 1.08344e-05
264 1.05523e-05
265 2.43767e-05
266 1.40078e-05
267 2.36817e-05
268 1.37224e-05
269 2.50864e-05
270 1.16937e-05
271 9.90913e-06
272 1.65002e-05
273 2.16216e-05
274 1.23859e-05
275 1.03746e-05
276 1.22091e-05
277 2.03252e-05
278 1.58677e-05
279 7.27588e-06
280 9.93391e-06
281 1.74872e-05
282 1.27619e-05
283 1.023e-05
284 2.06314e-05
285 1.79382e-05
286 1.28666e-05
287 1.25916e-05
288 1.90372e-05
289 1.5661e-05
290 1.18233e-05
291 7.3312e-06
292 1.28557e-05
293 1.85812e-05
294 1.41418e-05
295 1.46408e-05
296 2.07278e-05
297 2.01608e-05
298 2.34556e-05
299 7.4444e-05
300 0.000544364
301 5.20947e-05
302 2.65621e-05
303 2.08426e-05
304 2.09767e-05
305 1.65553e-05
306 1.15267e-05
307 9.04256e-06
308 1.27963e-05
309 1.42482e-05
310 9.28225e-06
311 1.51874e-05
312 2.21547e-05
313 2.1044e-05
314 1.3077e-05
315 1.08999e-05
316 1.72253e-05
317 9.07789e-06
318 2.18324e-05
319 1.23852e-05
320 1.60061e-05
321 1.29467e-05
322 1.98208e-05
323 1.14915e-05
324 1.49691e-05
325 1.11378e-05
326 9.22028e-06
327 1.05081e-05
328 1.34396e-05
329 7.24024e-06
330 1.64159e-05
331 1.03192e-05
332 1.45108e-05
333 1.41963e-05
334 5.49888e-05
335 4.14635e-05
336 1.2857e-05
337 9.65897e-06
338 1.32879e-05
339 1.0544e-05
340 2.03408e-05
341 1.20276e-05
342 1.35051e-05
343 8.00779e-06
344 1.41494e-05
345 6.61788e-06
346 1.20536e-05
347 7.15037e-06
348 1.41611e-05
349 1.0227e-05
350 1.07534e-05
351 5.16907e-06
352 9.68274e-06
353 9.26212e-06
354 1.47809e-05
355 9.32933e-06
356 1.84009e-05
357 1.51911e-05
358 2.20068e-05
359 7.29125e-05
360 6.18641e-05
361 1.29394e-05
362 8.19826e-06
363 1.01648e-05
364 1.06653e-05
365 7.64568e-06
366 1.21407e-05
367 8.72149e-06
368 1.04005e-05
369 1.08059e-05
370 1.45663e-05
371 6.12306e-06
372 8.75984e-06
373 5.66333e-06
374 8.3727e-06
375 1.5157e-05
376 1.4258e-05
377 1.54142e-05
378 1.39117e-05
379 8.3209e-06
380 1.64187e-05
381 1.23108e-05
382 6.89196e-06
383 1.02058e-05
384 8.52479e-06
385 7.84918e-06
386 1.07446e-05
387 1.54835e-05
388 1.46608e-05
389 8.39541e-06
390 1.77104e-05
391 1.16219e-05
392 1.05444e-05
393 1.30122e-05
394 1.55194e-05
395 8.33908e-06
396 1.77135e-05
397 1.03176e-05
398 1.11856e-05
399 8.55398e-06
400 1.24058e-05
401 8.07916e-06
402 1.00532e-05
403 1.17936e-05
404 9.85914e-06
405 8.21021e-06
406 7.50635e-06
407 1.43622e-05
408 1.43607e-05
409 1.02004e-05
410 1.07279e-05
411 1.47123e-05
412 1.61054e-05
413 1.46952e-05
414 1.93864e-05
415 1.45083e-05
416 1.71048e-05
417 2.01662e-05
418 3.57267e-05
419 9.53442e-05
420 0.000541293
421 6.88912e-05
422 3.58545e-05
423 2.1596e-05
424 1.85333e-05
425 1.45523e-05
426 1.54958e-05
427 2.0215e-05
428 1.37276e-05
429 9.56516e-06
430 1.3312e-05
431 1.52623e-05
432 1.54995e-05
433 6.4059e-06
434 1.10022e-05
435 1.16523e-05
436 1.19483e-05
437 1.17108e-05
438 1.4498e-05
439 1.51323e-05
440 6.60095e-06
441 8.3303e-06
442 1.06393e-05
443 1.47894e-05
444 1.03379e-05
445 7.35196e-06
446 9.72711e-06
447 9.75073e-06
448 9.55952e-06
449 7.88942e-06
450 1.10899e-05
451 1.17833e-05
452 8.24582e-06
453 1.41077e-05
454 9.91564e-06
455 1.31614e-05
456 9.77975e-06
457 6.26084e-06
458 1.38085e-05
459 1.40427e-05
460 9.87989e-06
461 7.8229e-06
462 1.23675e-05
463 1.12722e-05
464 8.44158e-06
465 8.37242e-06
466 1.02741e-05
467 1.02302e-05
468 1.35431e-05
469 9.9634e-06
470 1.17015e-05
471 8.16742e-06
472 1.59132e-05
473 9.36838e-06
474 1.57427e-05
475 1.3614e-05
476 8.39039e-06
477 9.70306e-06
478 1.75744e-05
479 7.0704e-05
480 2.90977e-05
481 1.23653e-05
482 1.1919e-05
483 1.0099e-05
484 5.84544e-06
485 5.73342e-06
486 1.33593e-05
487 1.14241e-05
488 4.68099e-06
489 6.57084e-06
490 2.13588e-05
491 9.35233e-06
492 1.38864e-05
493 6.72209e-06
494 1.29054e-05
495 9.61957e-06
496 1.63601e-05
497 1.1525e-05
498 1.88789e-05
499 6.95166e-06
500 1.28553e-05
501 8.99989e-06
502 1.42869e-05
503 9.00044e-06
504 9.25109e-06
505 5.5698e-06
506 1.13987e-05
507 7.1973e-06
508 1.24611e-05
509 7.57185e-06
510 1.10996e-05
511 1.00709e-05
512 3.10824e-05
513 9.40671e-06
514 1.55616e-05
515 6.90045e-06
516 1.12765e-05
517 6.82645e-06
518 9.54651e-06
519 7.89973e-06
520 1.02472e-05
521 1.00227e-05
522 1.09597e-05
523 7.66942e-06
524 1.34318e-05
525 8.99291e-06
526 1.59314e-05
527 5.58313e-06
528 8.00878e-06
529 8.42267e-06
530 1.42697e-05
531 7.14832e-06
532 1.03436e-05
533 7.29395e-06
534 1.36773e-05
535 1.25279e-05
536 1.05856e-05
537 1.26742e-05
538 1.40118e-05
539 6.05026e-05
540 0.000130358
541 2.38372e-05
542 1.22314e-05
543 1.10312e-05
544 1.30608e-05
545 1.04871e-05
546 1.41407e-05
547 7.51468e-06
548 9.92585e-06
549 1.01623e-05
550 1.24099e-05
551 7.55942e-06
552 1.20071e-05
553 8.44387e-06
554 9.36024e-06
555 4.79504e-06
556 1.63354e-05
557 8.96192e-06
558 1.21759e-05
559 1.11346e-05
560 9.19464e-06
561 1.2226e-05
562 1.17857e-05
563 1.07876e-05
564 1.00745e-05
565 1.26222e-05
566 1.05805e-05
567 7.34561e-06
568 8.6488e-06
569 8.61718e-06
570 8.5639e-06
571 5.47094e-06
572 9.23579e-06
573 1.23966e-05
574 1.11975e-05
575 7.2328e-06
576 9.00039e-06
577 1.31125e-05
578 7.83744e-06
579 4.70167e-06
580 5.44775e-06
581 1.0784e-05
582 6.64417e-06
583 6.18857e-06
584 5.72304e-06
585 9.57948e-06
586 9.55392e-06
587 8.38484e-06
588 7.26349e-06
589 1.14657e-05
590 7.06766e-06
591 4.23561e-06
592 1.22458e-05
593 1.15929e-05
594 9.56902e-06
595 6.18838e-06
596 1.16619e-05
597 1.23894e-05
598 1.16732e-05
599 5.12518e-05
600 3.42933e-05
601 8.05712e-06
602 7.11496e-06
603 6.36256e-06
604 1.41557e-05
605 9.41549e-06
606 8.3927e-06
607 6.1843e-06
608 8.82365e-06
609 7.11992e-06
610 1.12305e-05
611 9.18737e-06
612 1.01319e-05
613 1.09467e-05
614 1.08547e-05
615 6.61508e-06
616 1.52257e-05
617 9.25409e-06
618 8.98256e-06
619 7.04028e-06
620 6.79384e-06
621 1.1308e-05
622 8.51847e-06
623 8.46708e-06
624 1.25753e-05
625 1.16207e-05
626 8.23589e-06
627 8.03168e-06
628 1.27022e-05
629 7.37772e-06
630 9.60617e-06
631 6.24124e-06
632 1.19554e-05
633 6.93079e-06
634 1.68045e-05
635 6.78295e-06
636 1.19294e-05
637 7.24061e-06
638 1.19448e-05
639 6.40627e-06
640 9.73883e-06
641 7.94051e-06
642 7.32978e-06
643 6.51518e-06
644 7.33743e-06
645 9.81827e-06
646 1.55642e-05
647 9.97394e-06
648 1.27602e-05
649 1.16384e-05
650 1.09518e-05
651 9.24522e-06
652 1.28411e-05
653 9.01011e-06
654 1.75576e-05
655 1.52195e-05
656 1.511e-05
657 2.37468e-05
658 3.64426e-05
659 7.60993e-05
660 0.000422038
661 9.6151e-05
662 4.34752e-05
663 2.51743e-05
664 2.61702e-05
665 1.7064e-05
666 1.38282e-05
667 1.84191e-05
668 4.7457e-05
669 3.47546e-05
670 3.99115e-05
671 1.10865e-05
672 1.06644e-05
673 1.03394e-05
674 8.45921e-06
675 1.06283e-05
676 1.25633e-05
677 8.469e-06
678 1.2869e-05
679 6.58908e-06
680 7.54039e-06
681 5.11132e-06
682 1.32336e-05
683 6.0487e-06
684 1.12864e-05
685 5.96343e-06
686 9.65278e-06
687 1.06005e-05
688 1.57485e-05
689 7.34158e-06
690 9.82426e-06
691 7.3102e-06
692 8.69188e-06
693 9.09698e-06
694 1.31028e-05
695 5.14769e-06
696 9.70472e-06
697 6.71e-06
698 6.81617e-06
699 6.41294e-06
700 9.84441e-06
701 6.12811e-06
702 1.00289e-05
703 7.06121e-06
704 1.19759e-05
705 5.75628e-06
706 1.24125e-05
707 5.95796e-06
708 7.16182e-06
709 4.8383e-06
710 7.19733e-06
711 7.45012e-06
712 1.23072e-05
713 5.00672e-06
714 6.5403e-06
715 1.01506e-05
716 1.10627e-05
717 7.67136e-06
718 1.42874e-05
719 2.13713e-05
720 3.89977e-05
721 8.11526e-06
722 6.7281e-06
723 4.69952e-06
724 1.80993e-05
725 5.13044e-06
726 7.13192e-06
727 7.74415e-06
728 8.22502e-06
729 6.17029e-06
730 7.95687e-06
731 7.72441e-06
732 5.79143e-06
733 7.33525e-06
734 7.02674e-06
735 8.86147e-06
736 1.3659e-05
737 6.54812e-06
738 7.93223e-06
739 5.76775e-06
740 4.82118e-06
741 5.07563e-06
742 1.04647e-05
743 5.40295e-06
744 9.80143e-06
745 8.09996e-06
746 7.52449e-06
747 7.53624e-06
748 7.08947e-06
749 4.37518e-06
750 1.41212e-05
751 1.00801e-05
752 7.71961e-06
753 7.95097e-06
754 1.34264e-05
755 8.70215e-06
756 9.46008e-06
757 4.28611e-06
758 3.94981e-06
759 8.72008e-06
760 1.12437e-05
761 7.0184e-06
762 6.98489e-06
763 1.13674e-05
764 8.5342e-06
765 6.40898e-06
766 1.09124e-05
767 1.19363e-05
768 4.59527e-06
769 8.17294e-06
770 9.12751e-06
771 1.04151e-05
772 1.21695e-05
773 8.30969e-06
774 1.30488e-05
775 1.44794e-05
776 1.22849e-05
777 1.13691e-05
778 2.47525e-05
779 3.46357e-05
780 0.000169605
781 4.43813e-05
782 2.2982e-05
783 1.40977e-05
784 1.3822e-05
785 8.71169e-06
786 7.4762e-06
787 1.57287e-05
788 1.01244e-05
789 7.40133e-06
790 7.49857e-06
791 1.17802e-05
792 7.25432e-06
793 1.04625e-05
794 7.81559e-06
795 1.0735e-05
796 1.48156e-05
797 5.10028e-06
798 9.37726e-06
799 1.2279e-05
800 4.26355e-06
802 1.06766e-05
804 8.26459e-06
806 9.15548e-06
808 8.27866e-06
810 6.63134e-06
812 1.2793e-05
814 1.00671e-05
816 6.90469e-06
818 9.34406e-06
820 6.40896e-06
822 9.1938e-06
824 8.87065e-06
826 1.60605e-05
828 6.10183e-06
830 9.54976e-06
832 7.70902e-06
834 1.01443e-05
836 6.33761e-06
838 2.41307e-05
840 2.325e-05
842 1.09102e-05
844 1.68755e-05
846 1.04819e-05
848 6.60743e-06
850 1.08271e-05
852 6.20289e-06
854 1.05186e-05
856 7.19255e-06
858 1.09112e-05
860 3.40457e-06
862 1.3625e-05
864 4.51806e-06
866 9.61439e-06
868 8.27067e-06
870 1.28519e-05
872 5.50884e-06
874 1.13476e-05
876 9.68595e-06
878 1.03354e-05
880 8.58237e-06
882 9.40148e-06
884 6.10538e-06
886 1.71681e-05
888 7.73745e-06
890 8.30454e-06
892 8.04836e-06
894 1.00633e-05
896 6.56e-06
898 1.36547e-05
900 8.63399e-05
902 1.27766e-05
904 1.54021e-05
906 9.38529e-06
908 7.19163e-06
910 7.95509e-06
912 6.50508e-06
914 1.00647e-05
916 1.04268e-05
918 6.93072e-06
920 8.93196e-06
922 1.11163e-05
924 7.17911e-06
926 9.29011e-06
928 1.00812e-05
930 6.84908e-06
932 9.15428e-06
934 9.34519e-06
936 5.73331e-06
938 1.20941e-05
940 6.59639e-06
942 7.13633e-06
944 7.11639e-06
946 9.48867e-06
948 8.79994e-06
950 6.95231e-06
952 7.24261e-06
954 7.91896e-06
956 8.17585e-06
958 8.91966e-06
960 3.33052e-05
962 6.48476e-06
964 1.24095e-05
966 4.74488e-06
968 6.84298e-06
970 4.14598e-06
972 8.35319e-06
974 6.86913e-06
976 8.17734e-06
978 5.11382e-06
980 8.03669e-06
982 1.01395e-05
984 6.7144e-06
986 6.32495e-06
988 8.69112e-06
990 6.21191e-06
992 4.06869e-06
994 6.02826e-06
996 7.92108e-06
998 7.98401e-06
1000 2.71651e-05
1002 2.84993e-05
1004 1.01833e-05
1006 1.15674e-05
1008 7.12318e-06
1010 5.73114e-06
1012 8.56646e-06
1014 8.06498e-06
1016 9.28332e-06
1018 1.28194e-05
1020 0.000134135
1022 1.50556e-05
1024 0.000221418
1026 4.63684e-06
1028 1.18998e-05
1030 6.41287e-06
1032 1.1203e-05
1034 6.06064e-06
1036 8.04581e-06
1038 4.26139e-06
1040 8.50402e-06
1042 1.47822e-05
1044 8.34351e-06
1046 4.93501e-06
1048 8.81204e-06
1050 5.26585e-06
1052 8.14834e-06
1054 4.75295e-06
1056 6.96616e-06
1058 3.94575e-06
1060 8.94469e-06
1062 1.18191e-05
1064 8.2658e-06
1066 7.83199e-06
1068 6.58992e-06
1070 4.50876e-06
1072 6.19325e-06
1074 6.27484e-06
1076 6.75644e-06
1078 7.91825e-06
1080 2.18161e-05
1082 5.13629e-06
1084 9.15371e-06
1086 8.62642e-06
1088 1.07052e-05
1090 4.31375e-06
1092 5.43354e-06
1094 3.84952e-06
1096 5.0281e-06
1098 3.65468e-06
1100 4.03962e-06
1102 8.56957e-06
1104 5.08816e-06
1106 6.12523e-06
1108 6.8991e-06
1110 5.44972e-06
1112 5.30117e-06
1114 6.11389e-06
1116 4.21634e-06
1118 3.76375e-06
1120 8.29663e-06
1122 5.39078e-06
1124 7.55834e-06
1126 1.17807e-05
1128 4.82072e-06
1130 5.10838e-06
1132 7.78482e-06
1134 9.25985e-06
1136 7.23625e-06
1138 1.86649e-05
1140 0.000108484
1142 1.29618e-05
1144 1.87868e-05
1146 5.06293e-06
1148 6.39708e-06
1150 7.37024e-06
1152 7.34917e-06
1154 4.40673e-06
1156 5.09886e-06
1158 7.34394e-06
1160 6.06099e-06
1162 9.94744e-06
1164 4.78119e-06
1166 6.39837e-06
1168 7.60394e-06
1170 6.38558e-06
1172 6.14853e-06
1174 8.77124e-06
1176 6.59053e-06
1178 5.18681e-06
1180 7.90121e-06
1182 4.83397e-06
1184 4.63198e-06
1186 1.07335e-05
1188 1.18888e-05
1190 4.80967e-06
1192 8.59092e-06
1194 5.59735e-06
1196 5.45394e-06
1198 1.13926e-05
1200 2.66453e-05
1202 5.36482e-06
1204 1.22887e-05
1206 6.40329e-06
1208 4.86901e-06
1210 6.73762e-06
1212 8.81783e-06
1214 6.52588e-06
1216 5.47617e-06
1218 5.85559e-06
1220 4.71407e-06
1222 1.10677e-05
1224 5.30283e-06
1226 5.14074e-06
1228 5.22638e-06
1230 5.81117e-06
1232 5.10397e-06
1234 7.47405e-06
1236 4.51761e-06
1238 6.04916e-06
1240 8.78785e-06
1242 6.83197e-06
1244 4.99083e-06
1246 6.99439e-06
1248 5.95943e-06
1250 1.53905e-05
1252 7.46457e-06
1254 6.13703e-06
1256 6.4763e-06
1258 1.69085e-05
1260 8.79676e-05
1262 1.35557e-05
1264 9.68107e-06
1266 9.4968e-06
1268 6.13228e-06
1270 6.22523e-06
1272 7.37852e-06
1274 1.03472e-05
1276 4.77483e-06
1278 6.54439e-06
1280 5.95471e-06
1282 8.57544e-06
1284 5.80771e-06
1286 4.87448e-06
1288 6.79602e-06
1290 5.50611e-06
1292 6.46476e-06
1294 8.03535e-06
1296 6.73883e-06
1298 4.10946e-06
1300 8.56929e-06
1302 6.15398e-06
1304 6.627e-06
1306 7.65104e-06
1308 7.48487e-06
1310 5.52967e-06
1312 1.15923e-05
1314 7.13916e-06
1316 5.80936e-06
1318 1.07889e-05
1320 2.24484e-05
1322 8.38346e-06
1324 8.9741e-06
1326 7.31856e-06
1328 4.38867e-06
1330 6.70348e-06
1332 9.13045e-06
1334 2.73982e-05
1336 2.13771e-05
1338 9.19776e-06
1340 8.22153e-06
1342 6.63177e-06
1344 7.58287e-06
1346 7.21822e-06
1348 6.4344e-06
1350 6.11501e-06
1352 6.41593e-06
1354 7.0845e-06
1356 6.22612e-06
1358 6.62177e-06
1360 7.6149e-06
1362 5.94264e-06
1364 7.07097e-06
1366 4.6565e-06
1368 6.32583e-06
1370 5.97087e-06
1372 1.12018e-05
1374 1.19134e-05
1376 1.36382e-05
1378 1.85374e-05
1380 9.00218e-05
1382 1.39878e-05
1384 9.49503e-06
1386 6.82077e-06
1388 4.79998e-06
1390 5.22061e-06
1392 5.6982e-06
1394 5.89924e-06
1396 6.17553e-06
1398 8.1195e-06
1400 9.03329e-06
1402 5.66501e-06
1404 7.66263e-06
1406 5.59618e-06
1408 7.2692e-06
1410 7.53663e-06
1412 8.07509e-06
1414 8.82724e-06
1416 6.14272e-06
1418 4.66054e-06
1420 8.80857e-06
1422 5.53637e-06
1424 4.58124e-06
1426 4.56999e-06
1428 8.47262e-06
1430 5.72558e-06
1432 6.11217e-06
1434 7.87165e-06
1436 8.63851e-06
1438 2.00492e-05
1440 1.97523e-05
1442 6.55709e-06
1444 5.42591e-06
1446 6.71277e-06
1448 6.02999e-06
1450 6.87715e-06
1452 5.81655e-06
1454 6.49891e-06
1456 5.22317e-06
1458 8.29415e-06
1460 8.39032e-06
1462 1.14836e-05
1464 4.4659e-06
1466 4.50582e-06
1468 5.32036e-06
1470 3.87316e-06
1472 7.36494e-06
1474 6.67167e-06
1476 6.0643e-06
1478 8.81423e-06
1480 8.68723e-06
1482 4.49861e-06
1484 6.4176e-06
1486 7.1101e-06
1488 5.28252e-06
1490 6.22936e-06
1492 7.17586e-06
1494 5.21971e-06
1496 1.05781e-05
1498 1.38489e-05
1500 4.95835e-05
1502 1.25859e-05
1504 6.22511e-06
1506 7.29133e-06
1508 3.71022e-06
1510 1.06849e-05
1512 6.51023e-06
1514 9.33374e-06
1516 6.93197e-06
1518 7.36522e-06
1520 7.22599e-06
1522 7.56873e-06
1524 1.20847e-05
1526 8.74394e-06
1528 9.6699e-06
1530 8.38728e-06
1532 6.05234e-06
1534 5.0543e-06
1536 2.19762e-05
1538 9.8896e-06
1540 9.33211e-06
1542 6.97255e-06
1544 5.38473e-06
1546 6.8239e-06
1548 7.48939e-06
1550 8.91838e-06
1552 3.87437e-06
1554 4.8268e-06
1556 9.81068e-06
1558 8.85029e-06
1560 1.96429e-05
1562 1.37703e-05
1564 8.29217e-06
1566 8.52304e-06
1568 7.50919e-06
1570 5.55687e-06
1572 6.22991e-06
1574 8.18321e-06
1576 5.20282e-06
1578 6.74508e-06
1580 6.75907e-06
1582 8.70505e-06
1584 6.23775e-06
1586 1.12157e-05
1588 7.93155e-06
1590 6.76452e-06
1592 6.77158e-06
1594 6.18965e-06
1596 5.90896e-06
1598 6.31398e-06
1600 6.31056e-06
1604 5.47195e-06
1608 6.66235e-06
1612 5.58895e-06
1616 1.08793e-05
1620 2.35251e-05
1624 1.24175e-05
1628 1.00503e-05
1632 6.04075e-06
1636 7.80085e-06
1640 7.96705e-06
1644 7.70605e-06
1648 8.9001e-06
1652 7.11675e-06
1656 7.3531e-06
1660 1.17111e-05
1664 1.37987e-05
1668 1.8844e-05
1672 1.05857e-05
1676 8.29765e-06
1680 1.11767e-05
1684 6.92395e-06
1688 1.39162e-05
1692 5.5462e-06
1696 7.1849e-06
1700 6.3105e-06
1704 7.529e-06
1708 8.9004e-06
1712 9.39545e-06
1716 6.218e-06
1720 5.11905e-06
1724 6.65885e-06
1728 6.73e-06
1732 7.5526e-06
1736 8.7027e-06
1740 5.48745e-05
1744 1.21069e-05
1748 8.49435e-06
1752 1.13984e-05
1756 7.02625e-06
1760 7.4922e-06
1764 8.29705e-06
1768 4.95975e-06
1772 6.30085e-06
1776 7.61175e-06
1780 3.89375e-06
1784 6.8396e-06
1788 6.35795e-06
1792 4.77932e-06
1796 7.02875e-06
1800 1.15091e-05
1804 6.63565e-06
1808 8.08405e-06
1812 1.24541e-05
1816 6.7378e-06
1820 7.26185e-06
1824 8.2099e-06
1828 6.33565e-06
1832 6.6073e-06
1836 7.76175e-06
1840 5.75555e-06
1844 5.7451e-06
1848 8.05895e-06
1852 7.9946e-06
1856 1.06267e-05
1860 5.7293e-05
1864 1.09248e-05
1868 1.22739e-05
1872 7.13945e-06
1876 1.4468e-05
1880 8.0235e-06
1884 7.5591e-06
1888 1.03866e-05
1892 7.9561e-06
1896 5.50405e-06
1900 7.23435e-06
1904 7.1689e-06
1908 7.9787e-06
1912 6.3974e-06
1916 9.97715e-06
1920 1.25279e-05
1924 8.1052e-06
1928 7.92735e-06
1932 5.82e-06
1936 1.10611e-05
1940 1.02659e-05
1944 6.9849e-06
1948 8.94125e-06
1952 7.64995e-06
1956 6.8899e-06
1960 8.42285e-06
1964 8.49905e-06
1968 7.89525e-06
1972 9.594e-06
1976 1.51309e-05
1980 8.16585e-05
1984 1.79224e-05
1988 8.92755e-06
1992 9.72805e-06
1996 1.30804e-05
2000 1.90187e-05
2004 8.4272e-06
2008 7.293e-06
2012 6.4084e-06
2016 1.01983e-05
2020 6.9731e-06
2024 7.80155e-06
2028 6.9528e-06
2032 7.0468e-06
2036 1.24582e-05
2040 9.03115e-06
2044 6.7226e-06
2048 0.000206681
2052 8.3507e-06
2056 7.1918e-06
2060 6.5105e-06
2064 1.1544e-05
2068 6.7396e-06
2072 7.96405e-06
2076 7.39095e-06
2080 5.658e-06
2084 8.2252e-06
2088 9.8529e-06
2092 6.28795e-06
2096 1.10468e-05
2100 3.09392e-05
2104 1.07246e-05
2108 8.1524e-06
2112 8.0521e-06
2116 5.85395e-06
2120 7.33635e-06
2124 9.8002e-06
2128 8.50505e-06
2132 7.15415e-06
2136 8.48105e-06
2140 5.41815e-06
2144 8.32965e-06
2148 8.029e-06
2152 7.2507e-06
2156 8.44795e-06
2160 1.01854e-05
2164 9.4113e-06
2168 8.5708e-06
2172 6.65665e-06
2176 7.50975e-06
2180 6.39505e-06
2184 8.0128e-06
2188 1.22184e-05
2192 5.1257e-06
2196 7.50945e-06
2200 5.7847e-06
2204 6.8463e-06
2208 5.79265e-06
2212 8.53945e-06
2216 7.5846e-06
2220 2.24955e-05
2224 1.14949e-05
2228 6.78415e-06
2232 6.7977e-06
2236 7.0982e-06
2240 5.4323e-06
2244 6.99045e-06
2248 7.66815e-06
2252 1.17821e-05
2256 1.01591e-05
2260 6.83405e-06
2264 7.8392e-06
2268 6.8824e-06
2272 6.61015e-06
2276 7.09755e-06
2280 7.31885e-06
2284 7.0121e-06
2288 7.20145e-06
2292 6.3947e-06
2296 8.52725e-06
2300 6.81595e-06
2304 5.58705e-06
2308 8.57705e-06
2312 1.06062e-05
2316 7.1753e-06
2320 5.69135e-06
2324 7.54525e-06
2328 9.28465e-06
2332 1.20913e-05
2336 9.61795e-06
2340 4.55322e-05
2344 1.18842e-05
2348 8.0128e-06
2352 7.54995e-06
2356 6.3906e-06
2360 7.87655e-06
2364 5.89625e-06
2368 5.3017e-06
2372 7.90565e-06
2376 1.84271e-05
2380 6.24655e-06
2384 7.9096e-06
2388 5.1023e-06
2392 7.99775e-06
2396 6.2708e-06
2400 9.7882e-06
2404 6.4241e-06
2408 6.46685e-06
2412 6.4011e-06
2416 7.3067e-06
2420 6.5909e-06
2424 6.5817e-06
2428 9.67695e-06
2432 6.02735e-06
2436 1.02874e-05
2440 8.52435e-06
2444 7.5153e-06
2448 9.20385e-06
2452 7.2636e-06
2456 1.09124e-05
2460 5.48225e-05
2464 1.50344e-05
2468 7.1819e-06
2472 6.97935e-06
2476 6.8987e-06
2480 7.40095e-06
2484 6.2171e-06
2488 7.8714e-06
2492 8.2647e-06
2496 1.17824e-05
2500 1.235e-05
2504 9.7254e-06
2508 7.25285e-06
2512 7.7976e-06
2516 6.7765e-06
2520 1.21365e-05
2524 7.68445e-06
2528 6.4725e-06
2532 6.62595e-06
2536 1.34311e-05
2540 7.89295e-06
2544 6.24345e-06
2548 1.02575e-05
2552 8.09465e-06
2556 6.25325e-06
2560 1.40344e-05
2564 9.1786e-06
2568 9.70505e-06
2572 1.25231e-05
2576 1.35741e-05
2580 6.18445e-05
2584 2.04321e-05
2588 9.49025e-06
2592 9.0022e-06
2596 8.42515e-06
2600 8.2755e-06
2604 6.93965e-06
2608 6.23025e-06
2612 6.37145e-06
2616 1.43181e-05
2620 7.8472e-06
2624 1.01622e-05
2628 4.915e-06
2632 7.7823e-06
2636 6.2639e-06
2640 1.24299e-05
2644 8.1905e-06
2648 6.79395e-06
2652 6.4619e-06
2656 8.504e-06
2660 7.82405e-06
2664 7.6202e-06
2668 1.06736e-05
2672 8.23825e-06
2676 4.40847e-06
2680 5.3226e-06
2684 6.5846e-06
2688 1.23695e-05
2692 5.64495e-06
2696 9.2004e-06
2700 1.68555e-05
2704 8.04745e-06
2708 4.83072e-06
2712 7.04195e-06
2716 5.8831e-06
2720 4.87863e-06
2724 6.10145e-06
2728 6.7725e-06
2732 5.62755e-06
2736 1.22814e-05
2740 6.9491e-06
2744 6.03685e-06
2748 6.8266e-06
2752 8.17685e-06
2756 7.56245e-06
2760 9.926e-06
2764 6.35255e-06
2768 6.7256e-06
2772 6.7377e-06
2776 1.05143e-05
2780 6.7651e-06
2784 5.4459e-06
2788 5.90125e-06
2792 6.38055e-06
2796 5.2411e-06
2800 6.50795e-06
2804 5.8719e-06
2808 7.48995e-06
2812 6.4328e-06
2816 1.23416e-05
2820 5.1604e-05
2824 1.72376e-05
2828 1.00294e-05
2832 7.14985e-06
2836 7.6584e-06
2840 5.15045e-06
2844 5.7803e-06
2848 6.0757e-06
2852 7.43685e-06
2856 1.30175e-05
2860 6.83025e-06
2864 5.57705e-06
2868 4.43186e-06
2872 5.6242e-06
2876 7.2273e-06
2880 8.2275e-06
2884 5.52915e-06
2888 6.2835e-06
2892 5.3158e-06
2896 7.8944e-06
2900 6.07785e-06
2904 5.50295e-06
2908 6.698e-06
2912 5.52195e-06
2916 5.36915e-06
2920 6.28e-06
2924 7.1114e-06
2928 8.92125e-06
2932 6.5027e-06
2936 1.17112e-05
2940 4.83976e-05
2944 1.54912e-05
2948 8.0557e-06
2952 7.231e-06
2956 6.8594e-06
2960 6.0391e-06
2964 6.06665e-06
2968 6.49295e-06
2972 5.2608e-06
2976 1.55135e-05
2980 8.0678e-06
2984 5.74725e-06
2988 5.48855e-06
2992 7.37565e-06
2996 6.6001e-06
3000 1.3315e-05
3004 7.9653e-06
3008 5.31135e-06
3012 4.85846e-06
3016 6.2589e-06
3020 6.36435e-06
3024 6.9665e-06
3028 6.02755e-06
3032 3.607e-06
3036 3.77956e-06
3040 4.9579e-06
3044 4.64103e-06
3048 8.5698e-06
3052 5.2099e-06
3056 3.97103e-06
3060 1.65805e-05
3064 7.26135e-06
3068 3.89756e-06
3072 0.000101272
3076 4.95346e-06
3080 4.83098e-06
3084 5.78075e-06
3088 6.0383e-06
3092 5.46015e-06
3096 1.28032e-05
3100 7.30175e-06
3104 4.979e-06
3108 3.4562e-06
3112 4.40449e-06
3116 4.78346e-06
3120 1.04463e-05
3124 6.5736e-06
3128 5.53515e-06
3132 4.70519e-06
3136 6.26755e-06
3140 4.57447e-06
3144 4.92836e-06
3148 7.16175e-06
3152 5.03065e-06
3156 4.10126e-06
3160 5.64265e-06
3164 4.72654e-06
3168 5.51175e-06
3172 6.0563e-06
3176 7.46015e-06
3180 2.28954e-05
3184 9.8463e-06
3188 7.7752e-06
3192 5.3776e-06
3196 4.82844e-06
3200 4.28138e-06
3208 4.59715e-06
3216 6.81842e-06
3224 4.1416e-06
3232 3.8585e-06
3240 6.75435e-06
3248 4.1224e-06
3256 5.01519e-06
3264 4.75671e-06
3272 5.16828e-06
3280 5.35686e-06
3288 6.51815e-06
3296 1.37901e-05
3304 2.19543e-05
3312 8.32629e-06
3320 5.96738e-06
3328 5.54428e-06
3336 9.72724e-06
3344 7.07252e-06
3352 5.74383e-06
3360 9.92219e-06
3368 3.41119e-06
3376 4.4518e-06
3384 4.29663e-06
3392 4.75763e-06
3400 4.50275e-06
3408 4.16316e-06
3416 6.72045e-06
3424 1.14201e-05
3432 5.97017e-06
3440 4.78669e-06
3448 5.44105e-06
3456 7.01118e-06
3464 4.55271e-06
3472 4.8201e-06
3480 1.00741e-05
3488 3.45742e-06
3496 4.12731e-06
3504 5.23206e-06
3512 5.10623e-06
3520 4.86988e-06
3528 6.11605e-06
3536 1.23124e-05
3544 2.15575e-05
3552 7.73083e-06
3560 6.87106e-06
3568 5.05935e-06
3576 7.34069e-06
3584 5.55648e-06
3592 3.75824e-06
3600 9.39642e-06
3608 4.04101e-06
3616 4.41595e-06
3624 4.75826e-06
3632 5.87227e-06
3640 4.17536e-06
3648 3.20352e-06
3656 5.10485e-06
3664 5.82013e-06
3672 4.38816e-06
3680 4.95201e-06
3688 4.9379e-06
3696 5.61291e-06
3704 3.38907e-06
3712 5.19002e-06
3720 8.59669e-06
3728 3.29719e-06
3736 3.70559e-06
3744 4.11533e-06
3752 6.81531e-06
3760 6.96341e-06
3768 7.18654e-06
3776 1.05027e-05
3784 1.90455e-05
3792 5.58872e-06
3800 5.07929e-06
3808 4.73019e-06
3816 4.9524e-06
3824 3.82382e-06
3832 3.12696e-06
3840 7.62862e-06
3848 3.53652e-06
3856 3.1793e-06
3864 4.31119e-06
3872 5.74669e-06
3880 5.14215e-06
3888 5.4432e-06
3896 1.05072e-05
3904 1.80155e-05
3912 5.46512e-06
3920 3.96104e-06
3928 4.26576e-06
3936 6.04605e-06
3944 3.93208e-06
3952 3.73193e-06
3960 6.23502e-06
3968 3.1181e-06
3976 3.11128e-06
3984 3.61028e-06
3992 4.22797e-06
4000 4.13109e-06
4008 4.59927e-06
4016 4.96325e-06
4024 6.64801e-06
4032 4.08344e-06
4040 3.31907e-06
4048 4.14022e-06
4056 3.68558e-06
4064 3.0959e-06
4072 4.04677e-06
4080 6.44949e-06
4088 3.0904e-06
4096 1.35431e-05
4104 3.71433e-06
4112 3.61431e-06
4120 4.23288e-06
4128 3.99441e-06
4136 7.45619e-06
4144 1.11043e-05
4152 3.07618e-06
4160 3.52707e-06
4168 4.58294e-06
4176 5.15697e-06
4184 4.22528e-06
4192 4.36006e-06
4200 9.43486e-06
4208 4.0042e-06
4216 3.37679e-06
4224 3.86395e-06
4232 4.70756e-06
4240 4.94038e-06
4248 5.25377e-06
4256 7.51559e-06
4264 1.19912e-05
4272 4.74589e-06
4280 3.33273e-06
4288 5.03428e-06
4296 4.49469e-06
4304 2.49071e-06
4312 3.37544e-06
4320 7.5111e-06
4328 3.11376e-06
4336 3.55593e-06
4344 4.34181e-06
4352 4.40542e-06
4360 3.67823e-06
4368 5.30648e-06
4376 1.10921e-05
4384 2.15189e-05
4392 7.12898e-06
4400 4.08991e-06
4408 4.94611e-06
4416 4.61801e-06
4424 4.46623e-06
4432 3.87335e-06
4440 5.32296e-06
4448 3.30881e-06
4456 3.4088e-06
4464 3.4378e-06
4472 3.60264e-06
4480 3.96029e-06
4488 4.21704e-06
4496 7.15857e-06
4504 1.36606e-05
4512 3.42411e-06
4520 4.40124e-06
4528 3.87654e-06
4536 3.6707e-06
4544 3.23708e-06
4552 3.35969e-06
4560 6.46412e-06
4568 4.87101e-06
4576 3.31865e-06
4584 3.92932e-06
4592 4.33651e-06
4600 4.84944e-06
4608 4.75208e-06
4616 9.60831e-06
4624 1.71925e-05
4632 4.23292e-06
4640 2.85465e-06
4648 3.42046e-06
4656 4.00466e-06
4664 2.92553e-06
4672 3.83881e-06
4680 7.70007e-06
4688 3.50617e-06
4696 2.79224e-06
4704 3.87038e-06
4712 2.98573e-06
4720 3.36562e-06
4728 2.90707e-06
4736 3.29397e-06
4744 7.18194e-06
4752 4.15482e-06
4760 3.36333e-06
4768 3.35015e-06
4776 3.36911e-06
4784 3.70524e-06
4792 2.84902e-06
4800 5.46024e-06
4808 2.57968e-06
4816 3.78741e-06
4824 3.27436e-06
4832 4.25222e-06
4840 3.05009e-06
4848 4.36836e-06
4856 3.86657e-06
4864 4.42016e-06
4872 2.92145e-06
4880 3.50772e-06
4888 3.4225e-06
4896 3.43048e-06
4904 3.45358e-06
4912 3.16653e-06
4920 7.62219e-06
4928 2.73985e-06
4936 3.34747e-06
4944 3.11028e-06
4952 3.76739e-06
4960 3.31666e-06
4968 4.05063e-06
4976 5.98287e-06
4984 1.05407e-05
4992 4.56915e-06
5000 3.92791e-06
5008 4.56017e-06
5016 3.49022e-06
5024 3.53663e-06
5032 3.18627e-06
5040 6.81821e-06
5048 2.75935e-06
5056 3.21567e-06
5064 3.69849e-06
5072 3.13572e-06
5080 3.79211e-06
5088 3.46072e-06
5096 6.57878e-06
5104 1.36426e-05
5112 4.41942e-06
5120 4.74578e-06
5128 4.12972e-06
5136 3.40219e-06
5144 3.46218e-06
5152 3.61565e-06
5160 4.06268e-06
5168 3.3239e-06
5176 3.6864e-06
5184 3.45383e-06
5192 2.91777e-06
5200 4.11897e-06
5208 4.63014e-06
5216 7.10572e-06
5224 1.2588e-05
5232 4.14718e-06
5240 3.10642e-06
5248 3.3942e-06
5256 2.76938e-06
5264 2.88164e-06
5272 3.15716e-06
5280 6.48191e-06
5288 3.10999e-06
5296 3.32172e-06
5304 3.14755e-06
5312 3.77404e-06
5320 2.86445e-06
5328 3.58549e-06
5336 6.37665e-06
5344 1.52104e-05
5352 3.90171e-06
5360 3.73819e-06
5368 3.33841e-06
5376 3.89595e-06
5384 4.16019e-06
5392 3.29478e-06
5400 6.1577e-06
5408 3.45071e-06
5416 3.40936e-06
5424 3.0991e-06
5432 2.85515e-06
5440 2.98233e-06
5448 3.15883e-06
5456 4.80511e-06
5464 1.05064e-05
5472 3.648e-06
5480 3.11823e-06
5488 3.39187e-06
5496 3.71372e-06
5504 3.37718e-06
5512 3.51105e-06
5520 5.11578e-06
5528 3.09075e-06
5536 3.79342e-06
5544 3.14804e-06
5552 3.36935e-06
5560 3.34797e-06
5568 3.84889e-06
5576 5.1512e-06
5584 8.1749e-06
5592 2.8658e-06
5600 2.4858e-06
5608 3.13067e-06
5616 3.45635e-06
5624 4.1014e-06
5632 3.82817e-06
5640 6.94082e-06
5648 2.6517e-06
5656 2.98745e-06
5664 3.4589e-06
5672 2.73747e-06
5680 3.30959e-06
5688 3.60115e-06
5696 4.50356e-06
5704 4.98832e-06
5712 3.43159e-06
5720 3.11131e-06
5728 3.39639e-06
5736 2.96562e-06
5744 3.20681e-06
5752 3.28408e-06
5760 4.81267e-06
5768 2.64837e-06
5776 3.58362e-06
5784 2.93492e-06
5792 2.70553e-06
5800 2.61987e-06
5808 3.06182e-06
5816 3.95524e-06
5824 8.64176e-06
5832 3.35322e-06
5840 3.69322e-06
5848 3.41331e-06
5856 2.73509e-06
5864 3.0082e-06
5872 2.71908e-06
5880 4.23578e-06
5888 2.46428e-06
5896 3.75417e-06
5904 3.23353e-06
5912 3.28586e-06
5920 2.94409e-06
5928 3.24956e-06
5936 4.01082e-06
5944 5.63787e-06
5952 2.74551e-06
5960 4.60252e-06
5968 3.01625e-06
5976 3.11692e-06
5984 3.25745e-06
5992 3.51137e-06
6000 5.09021e-06
6008 4.02818e-06
6016 3.72454e-06
6024 3.32193e-06
6032 2.87941e-06
6040 3.10336e-06
6048 3.6678e-06
6056 5.93157e-06
6064 1.26397e-05
6072 4.31862e-06
6080 4.13371e-06
6088 3.63541e-06
6096 3.99933e-06
6104 3.34221e-06
6112 3.77457e-06
6120 4.6412e-06
6128 2.50282e-06
6136 3.57446e-06
6144 4.34068e-06
6152 3.13616e-06
6160 3.03223e-06
6168 3.24825e-06
6176 3.91532e-06
6184 8.826e-06
6192 4.21941e-06
6200 3.67551e-06
6208 4.04172e-06
6216 3.57655e-06
6224 3.80961e-06
6232 3.43959e-06
6240 5.22647e-06
6248 3.44435e-06
6256 3.79989e-06
6264 3.88279e-06
6272 3.82824e-06
6280 3.04641e-06
6288 4.02238e-06
6296 4.39799e-06
6304 4.99232e-06
6312 3.08698e-06
6320 3.85302e-06
6328 3.55381e-06
6336 3.44269e-06
6344 3.3649e-06
6352 2.99741e-06
6360 5.44076e-06
6368 3.31369e-06
6376 3.12955e-06
6384 4.26986e-06
6392 2.97999e-06
6400 3.72306e-06
6416 7.5953e-06
6432 3.53525e-06
6448 3.01068e-06
6464 2.98892e-06
6480 3.2743e-06
6496 3.3689e-06
6512 4.64712e-06
6528 3.6755e-06
6544 6.12612e-06
6560 4.71338e-06
6576 3.61202e-06
6592 3.17113e-06
6608 4.03113e-06
6624 3.373e-06
6640 3.64958e-06
6656 9.1243e-06
6672 5.45292e-06
6688 4.3394e-06
6704 3.0706e-06
6720 3.729e-06
6736 2.9761e-06
6752 3.0254e-06
6768 3.76628e-06
6784 1.01159e-05
6800 4.69868e-06
6816 3.5022e-06
6832 3.55287e-06
6848 2.88185e-06
6864 3.4567e-06
6880 3.77625e-06
6896 8.01968e-06
6912 6.16738e-06
6928 4.04733e-06
6944 3.5172e-06
6960 3.74593e-06
6976 3.44842e-06
6992 3.43705e-06
7008 3.53512e-06
7024 4.47895e-06
7040 6.02807e-06
7056 3.2333e-06
7072 3.762e-06
7088 4.08765e-06
7104 3.73642e-06
7120 3.52835e-06
7136 5.98915e-06
7152 5.64343e-06
7168 4.22893e-06
7184 4.4752e-06
7200 4.52198e-06
7216 3.60885e-06
7232 3.61007e-06
7248 4.02883e-06
7264 9.05433e-06
7280 4.83465e-06
7296 4.00425e-06
7312 4.0652e-06
7328 4.3313e-06
7344 5.8593e-06
7360 4.75407e-06
7376 8.89118e-06
7392 7.38873e-06
7408 5.69077e-06
7424 4.69778e-06
7440 5.07218e-06
7456 5.4969e-06
7472 5.60045e-06
7488 5.9155e-06
7504 1.39263e-05
7520 5.55027e-06
7536 4.7423e-06
7552 6.8295e-06
7568 5.96192e-06
7584 8.62107e-06
7600 7.47775e-06
7616 1.90235e-05
7632 1.00315e-05
7648 8.25042e-06
7664 1.35593e-05
7680 6.22197e-06
7696 1.82077e-05
7712 8.37515e-06
7728 1.12023e-05
7744 1.18422e-05
7760 1.16371e-05
7776 7.66655e-06
7792 8.87627e-06
7808 1.52466e-05
7824 3.36835e-05
7840 9.71885e-06
7856 1.24161e-05
7872 6.2561e-06
7888 6.09062e-06
7904 5.9552e-06
7920 7.78687e-06
7936 1.24648e-05
7952 7.02955e-06
7968 1.16432e-05
7984 1.54114e-05
8000 1.92661e-05
8016 6.35172e-06
8032 1.09789e-05
8048 1.75658e-05
8064 4.03137e-05
8080 1.1875e-05
8096 1.81441e-05
8112 1.12477e-05
8128 8.59497e-06
8144 1.80157e-05
8160 8.6408e-06
8176 2.30549e-05
8192 9.25878e-06
8208 1.94322e-05
8224 1.84248e-05
8240 1.98226e-05
8256 1.12873e-05
8272 1.82801e-05
8288 7.82475e-06
8304 1.51396e-05
8320 1.11504e-05
8336 1.8783e-05
8352 1.20354e-05
8368 9.63777e-06
8384 7.28465e-06
8400 8.23325e-06
8416 9.88168e-06
8432 5.2421e-06
8448 8.73278e-06
8464 1.58752e-05
8480 1.12161e-05
8496 7.02585e-06
8512 8.12222e-06
8528 6.65753e-06
8544 6.63442e-06
8560 6.165e-06
8576 8.40462e-06
8592 1.19973e-05
8608 1.11126e-05
8624 6.68218e-06
8640 8.10825e-06
8656 8.48265e-06
8672 6.31793e-06
8688 6.9584e-06
8704 1.20295e-05
8720 1.75723e-05
8736 6.81788e-06
8752 6.73002e-06
8768 5.79993e-06
8784 6.5797e-06
8800 5.33497e-06
8816 8.32395e-06
8832 1.20715e-05
8848 1.10412e-05
8864 6.2503e-06
8880 4.60043e-06
8896 8.33575e-06
8912 6.76942e-06
8928 8.5434e-06
8944 7.4334e-06
8960 1.91367e-05
8976 7.91637e-06
8992 7.60562e-06
9008 6.98703e-06
9024 8.54447e-06
9040 8.3066e-06
9056 1.34392e-05
9072 1.25503e-05
9088 1.3605e-05
9104 9.77023e-06
9120 1.00251e-05
9136 7.06623e-06
9152 7.66745e-06
9168 1.12021e-05
9184 9.20582e-06
9200 2.21508e-05
9216 9.1944e-06
9232 1.12116e-05
9248 1.00853e-05
9264 9.88473e-06
9280 1.08165e-05
9296 1.40784e-05
9312 1.70581e-05
9328 1.90794e-05
9344 1.55703e-05
9360 1.24832e-05
9376 9.54905e-06
9392 9.75935e-06
9408 1.62048e-05
9424 1.26934e-05
9440 1.87762e-05
9456 1.20412e-05
9472 1.14122e-05
9488 9.99383e-06
9504 1.42571e-05
9520 1.40718e-05
9536 1.76663e-05
9552 1.96392e-05
9568 2.22431e-05
9584 1.65425e-05
9600 1.1382e-05
9616 1.49122e-05
9632 1.29728e-05
9648 2.07677e-05
9664 1.49961e-05
9680 3.11383e-05
9696 1.19989e-05
9712 1.67689e-05
9728 1.44543e-05
9744 1.70982e-05
9760 1.53603e-05
9776 2.08442e-05
9792 2.10005e-05
9808 1.95219e-05
9824 1.46557e-05
9840 2.43917e-05
9856 1.76464e-05
9872 1.58364e-05
9888 1.7736e-05
9904 1.45501e-05
9920 2.63715e-05
9936 1.38484e-05
9952 1.86787e-05
9968 1.29019e-05
9984 1.16124e-05
10000 1.11356e-05
10016 1.58709e-05
10032 1.56356e-05
10048 1.4335e-05
10064 1.32041e-05
10080 1.2627e-05
10096 1.05798e-05
10112 1.28967e-05
10128 1.05308e-05
10144 9.11162e-06
10160 1.76802e-05
10176 8.46635e-06
10192 1.38663e-05
10208 9.178e-06
10224 1.00649e-05
10240 6.71325e-06
10256 1.00273e-05
10272 7.02962e-06
10288 9.07203e-06
10304 8.06877e-06
10320 1.19274e-05
10336 6.12e-06
10352 8.10807e-06
10368 7.1006e-06
10384 9.9582e-06
10400 7.0797e-06
10416 6.4448e-06
10432 7.33165e-06
10448 5.64503e-06
10464 7.30737e-06
10480 5.46895e-06
10496 7.86462e-06
10512 6.97513e-06
10528 6.92965e-06
10544 5.38137e-06
10560 4.40968e-06
10576 5.36298e-06
10592 6.30007e-06
10608 6.09487e-06
10624 4.61077e-06
10640 4.81178e-06
10656 6.75432e-06
10672 7.08368e-06
10688 5.83888e-06
10704 6.59223e-06
10720 5.9593e-06
10736 5.7345e-06
10752 5.1371e-06
10768 6.41268e-06
10784 5.06318e-06
10800 4.96663e-06
10816 6.17672e-06
10832 5.03217e-06
10848 7.1161e-06
10864 5.3451e-06
10880 6.78115e-06
10896 5.6957e-06
10912 4.18435e-06
10928 4.93677e-06
10944 5.94675e-06
10960 4.72103e-06
10976 5.33007e-06
10992 6.31285e-06
11008 5.26707e-06
11024 4.9549e-06
11040 6.45038e-06
11056 4.79222e-06
11072 4.3202e-06
11088 4.91605e-06
11104 5.74372e-06
11120 5.04297e-06
11136 4.16965e-06
11152 5.18742e-06
11168 4.90052e-06
11184 4.4904e-06
11200 4.9365e-06
11216 4.53798e-06
11232 4.45415e-06
11248 4.29408e-06
11264 4.11697e-06
11280 4.13305e-06
11296 4.21045e-06
11312 4.7538e-06
11328 3.67935e-06
11344 7.17468e-06
11360 4.01857e-06
11376 5.25993e-06
11392 4.92075e-06
11408 4.7834e-06
11424 5.16365e-06
11440 4.14565e-06
11456 4.4995e-06
11472 4.38873e-06
11488 5.17615e-06
11504 4.8069e-06
11520 4.32543e-06
11536 5.14917e-06
11552 4.99977e-06
11568 4.59595e-06
11584 5.14215e-06
11600 4.1156e-06
11616 4.32623e-06
11632 3.48797e-06
11648 4.2078e-06
11664 4.17065e-06
11680 4.047e-06
11696 3.7224e-06
11712 4.84575e-06
11728 4.9793e-06
11744 3.76495e-06
11760 4.3853e-06
11776 4.2282e-06
11792 5.19207e-06
11808 3.48215e-06
11824 4.62208e-06
11840 4.36063e-06
11856 4.07307e-06
11872 4.31605e-06
11888 5.0623e-06
11904 4.327e-06
11920 3.69372e-06
11936 6.02227e-06
11952 6.65222e-06
11968 5.16275e-06
11984 4.68545e-06
12000 4.42102e-06
12016 3.3871e-06
12032 4.4675e-06
12048 4.01183e-06
12064 4.84132e-06
12080 5.0075e-06
12096 4.7608e-06
12112 3.8076e-06
12128 3.98978e-06
12144 4.19445e-06
12160 4.68895e-06
12176 3.95413e-06
12192 4.6207e-06
12208 3.6507e-06
12224 4.41593e-06
12240 4.725e-06
12256 4.26465e-06
12272 4.2417e-06
12288 4.82763e-06
12304 3.51283e-06
12320 4.83042e-06
12336 3.57437e-06
12352 4.59663e-06
12368 7.734e-06
12384 6.5168e-06
12400 4.96217e-06
12416 4.03605e-06
12432 4.68482e-06
12448 3.7599e-06
12464 4.71603e-06
12480 4.88777e-06
12496 5.25767e-06
12512 4.83003e-06
12528 4.2248e-06
12544 4.58402e-06
12560 3.33005e-06
12576 4.78468e-06
12592 4.37165e-06
12608 4.54822e-06
12624 4.2848e-06
12640 3.86047e-06
12656 4.52703e-06
12672 4.87112e-06
12688 4.52128e-06
12704 4.28575e-06
12720 4.13982e-06
12736 3.90403e-06
12752 4.82768e-06
12768 5.00925e-06
12784 6.55292e-06
12800 5.83118e-06
12832 4.32495e-06
12864 4.09372e-06
12896 5.04696e-06
12928 4.65768e-06
12960 5.02129e-06
12992 4.66213e-06
13024 4.65879e-06
13056 4.62013e-06
13088 4.79606e-06
13120 4.45523e-06
13152 5.15034e-06
13184 4.90244e-06
13216 4.81501e-06
13248 3.85165e-06
13280 4.62906e-06
13312 4.7665e-06
13344 4.61516e-06
13376 4.78448e-06
13408 3.35869e-06
13440 5.14295e-06
13472 4.15839e-06
13504 4.89417e-06
13536 5.11194e-06
13568 4.89459e-06
13600 4.54562e-06
13632 6.27695e-06
13664 3.92722e-06
13696 4.77693e-06
13728 4.76625e-06
13760 5.0716e-06
13792 4.96446e-06
13824 4.72459e-06
13856 4.18132e-06
13888 3.968e-06
13920 4.7671e-06
13952 4.78078e-06
13984 4.42115e-06
14016 4.21271e-06
14048 4.666e-06
14080 4.16843e-06
14112 3.79391e-06
14144 4.6959e-06
14176 3.59983e-06
14208 3.2902e-06
14240 4.98328e-06
14272 4.58341e-06
14304 5.21419e-06
14336 4.48419e-06
14368 3.93832e-06
14400 4.92484e-06
14432 4.94146e-06
14464 5.4376e-06
14496 4.71149e-06
14528 4.72172e-06
14560 5.29833e-06
14592 5.03289e-06
14624 4.26187e-06
14656 3.597e-06
14688 4.00558e-06
14720 5.02353e-06
14752 4.59828e-06
14784 4.62317e-06
14816 4.43957e-06
14848 4.0128e-06
14880 4.62842e-06
14912 4.21641e-06
14944 4.21444e-06
14976 5.14217e-06
15008 3.73253e-06
15040 4.30531e-06
15072 5.17174e-06
15104 4.82956e-06
15136 4.52018e-06
15168 3.79465e-06
15200 4.57498e-06
15232 4.7447e-06
15264 4.5869e-06
15296 4.09006e-06
15328 4.93967e-06
15360 4.5266e-06
15392 1.15715e-05
15424 5.5024e-06
15456 4.46068e-06
15488 3.986e-06
15520 3.91053e-06
15552 4.16129e-06
15584 4.60132e-06
15616 4.6462e-06
15648 4.1266e-06
15680 4.39053e-06
15712 4.68651e-06
15744 3.64754e-06
15776 4.3093e-06
15808 4.50499e-06
15840 3.99975e-06
15872 4.1012e-06
15904 4.91566e-06
15936 3.82311e-06
15968 4.24172e-06
16000 3.76582e-06
16032 4.27004e-06
16064 4.16171e-06
16096 4.95731e-06
16128 8.79496e-06
16160 4.18699e-06
16192 3.36132e-06
16224 4.22935e-06
16256 3.52342e-06
16288 3.87134e-06
16320 3.96809e-06
16352 4.27225e-06
16384 4.93545e-06
16416 5.44891e-06
16448 5.69815e-06
16480 3.87083e-06
16512 5.16902e-06
16544 1.65969e-05
16576 6.04962e-06
16608 4.57684e-06
16640 7.31412e-06
16672 6.7966e-06
16704 5.93236e-06
16736 7.7507e-06
16768 9.24371e-06
16800 1.46033e-05
16832 7.204e-06
16864 1.16495e-05
16896 8.67954e-06
16928 8.97734e-06
16960 1.89057e-05
16992 1.27456e-05
17024 1.3695e-05
17056 2.05582e-05
17088 4.72358e-05
17120 0.000204476
17152 3.25587e-05
17184 1.73854e-05
17216 1.32741e-05
17248 9.60076e-06
17280 9.17908e-06
17312 7.17324e-06
17344 1.00824e-05
17376 2.03672e-05
17408 6.18398e-06
17440 5.11268e-06
17472 8.6864e-06
17504 5.35888e-06
17536 5.35671e-06
17568 4.78826e-06
17600 2.97791e-06
17632 3.74813e-06
17664 3.92929e-06
17696 4.23594e-06
17728 4.70079e-06
17760 4.0511e-06
17792 1.24298e-05
17824 4.74852e-06
17856 4.74994e-06
17888 3.36169e-06
17920 3.72424e-06
17952 4.17835e-06
17984 3.79472e-06
18016 4.00617e-06
18048 3.87242e-06
18080 4.11796e-06
18112 3.81378e-06
18144 3.84511e-06
18176 4.29187e-06
18208 8.82303e-06
18240 3.71517e-06
18272 3.8217e-06
18304 3.60345e-06
18336 3.91306e-06
18368 3.97767e-06
18400 4.23838e-06
18432 3.99241e-06
18464 3.94889e-06
18496 4.66155e-06
18528 4.0184e-06
18560 4.50284e-06
18592 4.68133e-06
18624 5.44591e-06
18656 5.7981e-06
18688 4.86477e-06
18720 5.13575e-06
18752 4.09981e-06
18784 5.18695e-06
18816 4.8667e-06
18848 5.46809e-06
18880 7.61388e-06
18912 1.02952e-05
18944 5.50838e-06
18976 5.7885e-06
19008 1.65277e-05
19040 1.3577e-05
19072 7.4015e-06
19104 9.16994e-06
19136 3.62884e-05
19168 1.13481e-05
19200 6.98303e-06
19232 8.74152e-06
19264 3.57792e-05
19296 7.57927e-06
19328 8.35843e-06
19360 1.16384e-05
19392 2.07179e-05
19424 8.06231e-06
19456 8.27578e-06
19488 1.17726e-05
19520 1.29466e-05
19552 2.05878e-05
19584 0.000118934
19616 3.09575e-05
19648 1.42825e-05
19680 9.40471e-06
19712 7.02548e-06
19744 8.30755e-06
19776 5.70082e-06
19808 6.11787e-06
19840 5.98541e-06
19872 6.98584e-06
19904 5.39667e-06
19936 5.92471e-06
19968 4.40004e-06
20000 5.249e-06
20032 4.27169e-06
20064 4.42582e-06
20096 4.78462e-06
20128 5.54449e-06
20160 5.3749e-06
20192 4.86539e-06
20224 6.67053e-06
20256 5.03713e-06
20288 4.76367e-06
20320 4.58251e-06
20352 4.62038e-06
20384 4.3559e-06
20416 4.35638e-06
20448 5.25914e-06
20480 5.09094e-06
20512 4.67693e-06
20544 5.60965e-06
20576 4.12535e-06
20608 4.79091e-06
20640 5.97751e-06
20672 4.443e-06
20704 5.01827e-06
20736 4.33923e-06
20768 5.45453e-06
20800 4.38357e-06
20832 3.92243e-06
20864 4.39718e-06
20896 4.34356e-06
20928 4.97826e-06
20960 4.47289e-06
20992 4.56842e-06
21024 4.6441e-06
21056 4.28588e-06
21088 3.52457e-06
21120 5.15691e-06
21152 3.88304e-06
21184 4.54072e-06
21216 4.11297e-06
21248 4.94308e-06
21280 5.0436e-06
21312 4.4428e-06
21344 4.76998e-06
21376 3.62762e-06
21408 5.39915e-06
21440 3.70913e-06
21472 4.93477e-06
21504 5.79683e-06
21536 6.72543e-06
21568 4.87258e-06
21600 4.55568e-06
21632 3.7101e-06
21664 4.4862e-06
21696 4.96822e-06
21728 4.53393e-06
21760 4.76017e-06
21792 5.37263e-06
21824 5.84786e-06
21856 3.96104e-06
21888 4.86215e-06
21920 4.94441e-06
21952 5.74745e-06
21984 3.96148e-06
22016 5.04977e-06
22048 5.02053e-06
22080 4.90828e-06
22112 5.5489e-06
22144 4.70399e-06
22176 4.24934e-06
22208 4.14826e-06
22240 4.71539e-06
22272 5.17973e-06
22304 5.23498e-06
22336 5.43498e-06
22368 6.43543e-06
22400 5.19145e-06
22432 4.91694e-06
22464 4.40924e-06
22496 5.00315e-06
22528 4.07608e-06
22560 4.64886e-06
22592 4.85975e-06
22624 5.26856e-06
22656 4.74119e-06
22688 5.30954e-06
22720 3.99158e-06
22752 4.98238e-06
22784 6.12885e-06
22816 5.22269e-06
22848 3.88012e-06
22880 5.16038e-06
22912 4.32663e-06
22944 5.25495e-06
22976 5.43693e-06
23008 4.03221e-06
23040 4.73823e-06
23072 4.41719e-06
23104 3.93188e-06
23136 4.73387e-06
23168 4.44676e-06
23200 5.96913e-06
23232 6.02856e-06
23264 3.94437e-06
23296 4.50853e-06
23328 3.99172e-06
23360 4.74469e-06
23392 4.57341e-06
23424 4.26889e-06
23456 5.47829e-06
23488 3.86727e-06
23520 4.09784e-06
23552 4.82961e-06
23584 4.10521e-06
23616 4.78969e-06
23648 4.98213e-06
23680 4.65287e-06
23712 5.23581e-06
23744 4.76226e-06
23776 4.39454e-06
23808 4.41673e-06
23840 4.57245e-06
23872 4.80801e-06
23904 5.00821e-06
23936 3.84534e-06
23968 4.24314e-06
24000 5.30694e-06
24032 4.19198e-06
24064 4.59457e-06
24096 4.73381e-06
24128 4.08476e-06
24160 4.19859e-06
24192 5.45261e-06
24224 4.48208e-06
24256 4.78517e-06
24288 4.82183e-06
24320 3.80685e-06
24352 4.48891e-06
24384 3.93673e-06
24416 4.94276e-06
24448 5.21074e-06
24480 6.02103e-06
24512 4.36822e-06
24544 4.64378e-06
24576 4.26596e-06
24608 4.99122e-06
24640 4.83513e-06
24672 3.87668e-06
24704 6.22056e-06
24736 4.56927e-06
24768 5.0792e-06
24800 5.16704e-06
24832 4.55962e-06
24864 5.07901e-06
24896 4.90384e-06
24928 5.48391e-06
24960 4.49693e-06
24992 3.79419e-06
25024 5.08139e-06
25056 5.69233e-06
25088 4.78741e-06
25120 4.55044e-06
25152 4.81009e-06
25184 4.05384e-06
25216 4.46828e-06
25248 5.30229e-06
25280 3.9939e-06
25312 4.61824e-06
25344 4.46522e-06
25376 5.29091e-06
25408 4.39893e-06
25440 4.47972e-06
25472 6.02632e-06
25504 4.74538e-06
25536 4.74543e-06
25568 5.46733e-06
25600 5.28354e-06
25664 4.16562e-06
25728 5.5578e-06
25792 5.21287e-06
25856 5.49346e-06
25920 4.35909e-06
25984 5.05487e-06
26048 5.1584e-06
26112 5.83866e-06
26176 5.5668e-06
26240 5.43099e-06
26304 6.69242e-06
26368 8.34697e-06
26432 7.39824e-06
26496 5.19162e-06
26560 4.15733e-06
26624 4.62554e-06
26688 4.6199e-06
26752 3.9797e-06
26816 5.29549e-06
26880 5.04022e-06
26944 5.5218e-06
27008 4.69364e-06
27072 5.42599e-06
27136 4.96674e-06
27200 4.88244e-06
27264 5.9864e-06
27328 4.23731e-06
27392 4.49118e-06
27456 4.56291e-06
27520 5.56485e-06
27584 5.05589e-06
27648 4.70111e-06
27712 4.9601e-06
27776 4.62755e-06
27840 1.91985e-05
27904 5.87534e-06
27968 4.70416e-06
28032 5.85175e-06
28096 5.20238e-06
28160 5.87501e-06
28224 4.7954e-06
28288 5.70549e-06
28352 5.3568e-06
28416 5.12659e-06
28480 4.33796e-06
28544 6.80179e-06
28608 5.78524e-06
28672 5.53914e-06
28736 4.55584e-06
28800 5.19878e-06
28864 5.49099e-06
28928 5.31562e-06
28992 5.64907e-06
29056 4.5443e-06
29120 4.49409e-06
29184 4.80673e-06
29248 5.09811e-06
29312 6.35597e-06
29376 4.9647e-06
29440 5.83219e-06
29504 6.27015e-06
29568 6.11762e-06
29632 5.4817e-06
29696 5.32464e-06
29760 5.08341e-06
29824 4.62744e-06
29888 5.4723e-06
29952 5.94861e-06
30016 5.12264e-06
30080 4.73911e-06
30144 6.31531e-06
30208 5.86161e-06
30272 5.21072e-06
30336 6.25459e-06
30400 5.6606e-06
30464 5.30459e-06
30528 6.11257e-06
30592 4.3105e-06
30656 4.851e-06
30720 5.2441e-06
30784 7.10359e-06
30848 5.79225e-06
30912 5.8048e-06
30976 6.39045e-06
31040 6.3288e-06
31104 5.47813e-06
31168 6.18319e-06
31232 5.13612e-06
31296 7.2324e-06
31360 7.68061e-06
31424 4.92676e-06
31488 5.34751e-06
31552 6.2362e-06
31616 4.59641e-06
31680 5.7934e-06
31744 6.78356e-06
31808 5.18725e-06
31872 6.7597e-06
31936 5.82905e-06
32000 5.38871e-06
32064 7.15989e-06
32128 5.9493e-06
32192 4.87234e-06
32256 6.10506e-06
32320 6.04021e-06
32384 5.95772e-06
32448 6.35889e-06
32512 5.70171e-06
32576 5.41161e-06
32640 5.63774e-06
32704 6.93533e-06
32768 6.77472e-06
32832 6.70579e-06
32896 6.13183e-06
32960 5.42579e-06
33024 6.2205e-06
33088 7.32454e-06
33152 5.9051e-06
33216 6.66105e-06
33280 7.7433e-06
33344 6.10726e-06
33408 5.9169e-06
33472 6.94406e-06
33536 5.75969e-06
33600 6.60709e-06
33664 5.59904e-06
33728 6.79079e-06
33792 5.81384e-06
33856 6.32646e-06
33920 1.05602e-05
33984 9.68388e-06
34048 7.60325e-06
34112 1.10905e-05
34176 2.01831e-05
34240 9.04625e-05
34304 2.44616e-05
34368 1.53336e-05
34432 1.07464e-05
34496 7.99434e-06
34560 8.37114e-06
34624 6.87921e-06
34688 7.52455e-06
34752 1.46056e-05
34816 6.93004e-06
34880 6.33871e-06
34944 6.7231e-06
35008 4.9553e-06
35072 6.79019e-06
35136 8.21415e-06
35200 6.07893e-06
35264 7.56613e-06
35328 6.98313e-06
35392 6.45281e-06
35456 7.18955e-06
35520 6.82302e-06
35584 7.48019e-06
35648 5.91383e-06
35712 7.54253e-06
35776 6.47762e-06
35840 7.20382e-06
35904 5.91495e-06
35968 5.85473e-06
36032 5.1828e-06
36096 6.67689e-06
36160 7.95714e-06
36224 5.78914e-06
36288 5.84146e-06
36352 5.92561e-06
36416 5.89975e-06
36480 6.10891e-06
36544 6.81325e-06
36608 5.8539e-06
36672 5.21496e-06
36736 7.50625e-06
36800 6.24334e-06
36864 6.75035e-06
36928 6.61254e-06
36992 7.16691e-06
37056 6.16521e-06
37120 8.98432e-06
37184 5.83269e-06
37248 6.13825e-06
37312 6.01424e-06
37376 7.31003e-06
37440 5.615e-06
37504 5.47947e-06
37568 6.50033e-06
37632 6.67629e-06
37696 5.60689e-06
37760 5.70515e-06
37824 6.61177e-06
37888 5.80155e-06
37952 5.84288e-06
38016 5.69841e-06
38080 7.06513e-06
38144 6.1773e-06
38208 7.1089e-06
38272 6.78066e-06
38336 8.80124e-06
38400 1.13667e-05
38464 2.23737e-05
38528 9.1939e-06
38592 6.88165e-06
38656 8.23697e-06
38720 7.06665e-06
38784 5.7334e-06
38848 7.12268e-06
38912 5.09515e-06
38976 7.45746e-06
39040 7.54948e-06
39104 7.51666e-06
39168 2.99971e-05
39232 8.36893e-06
39296 7.4189e-06
39360 6.05969e-06
39424 5.68189e-06
39488 5.42984e-06
39552 6.05908e-06
39616 6.24937e-06
39680 4.63056e-06
39744 5.86186e-06
39808 6.02532e-06
39872 4.86479e-06
39936 6.02811e-06
40000 5.90918e-06
40064 4.58264e-06
40128 6.41827e-06
40192 5.46228e-06
40256 5.57029e-06
40320 4.73549e-06
40384 5.99104e-06
40448 5.61913e-06
40512 4.27835e-06
40576 5.14635e-06
40640 5.92559e-06
40704 4.59456e-06
40768 5.42175e-06
40832 6.02e-06
40896 4.8248e-06
40960 5.64952e-06
41024 5.39545e-06
41088 5.56729e-06
41152 4.40602e-06
41216 3.62618e-06
41280 5.35387e-06
41344 5.93717e-06
41408 4.20167e-06
41472 4.2166e-06
41536 4.50906e-06
41600 4.50717e-06
41664 4.09231e-06
41728 4.45981e-06
41792 4.1122e-06
41856 5.2575e-06
41920 4.20795e-06
41984 5.10401e-06
42048 3.79099e-06
42112 5.57244e-06
42176 4.24323e-06
42240 4.5395e-06
42304 3.57855e-06
42368 3.63664e-06
42432 4.33966e-06
42496 4.24759e-06
42560 5.06815e-06
42624 4.40641e-06
42688 4.32814e-06
42752 4.40148e-06
42816 3.93876e-06
42880 4.5489e-06
42944 3.92542e-06
43008 4.74784e-06
43072 4.47448e-06
43136 4.37648e-06
43200 4.90459e-06
43264 4.98063e-06
43328 3.86118e-06
43392 3.86212e-06
43456 3.67794e-06
43520 4.49476e-06
43584 3.6774e-06
43648 4.16634e-06
43712 3.90015e-06
43776 4.41301e-06
43840 4.11561e-06
43904 3.26474e-06
43968 4.04825e-06
44032 3.62868e-06
44096 3.92505e-06
44160 3.78883e-06
44224 4.15297e-06
44288 3.25036e-06
44352 4.64796e-06
44416 3.72126e-06
44480 3.77465e-06
44544 4.46586e-06
44608 4.2025e-06
44672 4.586e-06
44736 3.68265e-06
44800 3.58825e-06
44864 3.98274e-06
44928 3.99454e-06
44992 3.78339e-06
45056 3.83086e-06
45120 4.21399e-06
45184 4.07911e-06
45248 3.34271e-06
45312 3.45434e-06
45376 3.69907e-06
45440 3.22412e-06
45504 3.57074e-06
45568 3.71379e-06
45632 4.10833e-06
45696 3.6628e-06
45760 4.53417e-06
45824 3.45898e-06
45888 3.67745e-06
45952 3.33533e-06
46016 4.47109e-06
46080 4.0866e-06
46144 4.42865e-06
46208 3.63672e-06
46272 3.99754e-06
46336 3.09901e-06
46400 3.11534e-06
46464 4.11534e-06
46528 2.72801e-06
46592 4.10164e-06
46656 3.58819e-06
46720 2.98111e-06
46784 3.47744e-06
46848 3.91541e-06
46912 3.84969e-06
46976 3.6994e-06
47040 3.28263e-06
47104 2.63739e-06
47168 3.32905e-06
47232 3.09344e-06
47296 3.53397e-06
47360 2.83876e-06
47424 3.68907e-06
47488 3.38654e-06
47552 2.69673e-06
47616 2.48747e-06
47680 2.84359e-06
47744 2.89121e-06
47808 3.11769e-06
47872 3.35768e-06
47936 2.95549e-06
48000 3.01244e-06
48064 3.08076e-06
48128 2.69592e-06
48192 3.02594e-06
48256 3.29689e-06
48320 3.12561e-06
48384 2.60437e-06
48448 3.56518e-06
48512 2.7039e-06
48576 3.15462e-06
48640 2.44621e-06
48704 3.11358e-06
48768 2.90739e-06
48832 3.33494e-06
48896 2.47564e-06
48960 2.77705e-06
49024 3.17395e-06
49088 2.92951e-06
49152 2.91436e-06
49216 2.22057e-06
49280 2.80982e-06
49344 3.4049e-06
49408 2.71473e-06
49472 3.03292e-06
49536 2.26853e-06
49600 3.03621e-06
49664 2.9303e-06
49728 3.38366e-06
49792 2.67301e-06
49856 2.67482e-06
49920 4.27585e-06
49984 2.53349e-06
50048 3.60644e-06
50112 2.96826e-06
50176 3.84951e-06
50240 3.28462e-06
50304 3.28092e-06
50368 3.01327e-06
50432 2.41594e-06
50496 3.31149e-06
50560 2.97569e-06
50624 2.71546e-06
50688 2.71731e-06
50752 3.14568e-06
50816 3.04417e-06
50880 5.02879e-06
50944 3.18572e-06
51008 3.88291e-06
51072 3.12166e-06
51136 3.42056e-06
51200 4.10922e-06
51328 2.24993e-05
51456 4.05117e-06
51584 2.88746e-06
51712 2.73548e-06
51840 2.8069e-06
51968 2.42859e-06
52096 3.65945e-06
52224 2.75878e-06
52352 4.16133e-06
52480 4.12494e-06
52608 4.50606e-06
52736 9.44642e-06
52864 1.00337e-05
52992 4.56185e-06
53120 3.10393e-06
53248 3.6054e-06
53376 3.92636e-06
53504 3.10156e-06
53632 2.63342e-06
53760 2.54547e-06
53888 2.87892e-06
54016 2.32369e-06
54144 2.94746e-06
54272 2.91012e-06
54400 2.17175e-06
54528 2.46543e-06
54656 2.17114e-06
54784 2.4603e-06
54912 2.82026e-06
55040 2.48123e-06
55168 2.38849e-06
55296 2.22387e-06
55424 2.29986e-06
55552 2.20412e-06
55680 3.38334e-06
55808 2.27275e-06
55936 2.6631e-06
56064 2.12643e-06
56192 2.57398e-06
56320 2.88177e-06
56448 2.1178e-06
56576 2.28304e-06
56704 2.71681e-06
56832 2.3832e-06
56960 2.35615e-06
57088 2.29361e-06
57216 1.93337e-06
57344 2.05897e-06
57472 1.97912e-06
57600 2.0256e-06
57728 2.01121e-06
57856 1.89962e-06
57984 2.28486e-06
58112 2.29654e-06
58240 2.0499e-06
58368 2.21403e-06
58496 2.07909e-06
58624 2.50002e-06
58752 9.25886e-06
58880 2.42224e-06
59008 2.13729e-06
59136 2.36073e-06
59264 2.17577e-06
59392 1.87101e-06
59520 1.80082e-06
59648 1.87525e-06
59776 1.81692e-06
59904 2.81985e-06
60032 1.58095e-06
60160 1.84837e-06
60288 1.98014e-06
60416 2.03177e-06
60544 1.72718e-06
60672 1.98367e-06
60800 1.85966e-06
60928 1.96946e-06
61056 2.36213e-06
61184 2.03136e-06
61312 1.8364e-06
61440 1.87668e-06
61568 2.22338e-06
61696 1.84592e-06
61824 1.56029e-06
61952 1.79835e-06
62080 1.69686e-06
62208 1.81813e-06
62336 2.01837e-06
62464 2.14736e-06
62592 1.7141e-06
62720 1.70243e-06
62848 2.09069e-06
62976 2.47125e-06
63104 1.6372e-06
63232 2.24618e-06
63360 1.85974e-06
63488 1.46139e-06
63616 1.713e-06
63744 2.00095e-06
63872 1.88302e-06
64000 1.67988e-06
64128 1.80013e-06
64256 1.70142e-06
64384 1.83434e-06
64512 1.65427e-06
64640 1.64621e-06
64768 1.61693e-06
64896 1.88478e-06
65024 2.02798e-06
65152 1.66935e-06
65280 1.75631e-06
65408 1.72764e-06
65536 1.80474e-06
65664 1.46286e-06
65792 1.57299e-06
65920 1.31969e-06
66048 1.84922e-06
66176 1.46246e-06
66304 1.30147e-06
66432 1.64699e-06
66560 1.64798e-06
66688 1.6346e-06
66816 1.67134e-06
66944 1.64931e-06
67072 1.73345e-06
67200 1.33049e-06
67328 1.91484e-06
67456 1.90917e-06
67584 1.56172e-06
67712 1.4271e-06
67840 1.87103e-06
67968 1.73238e-06
68096 1.61216e-06
68224 2.54728e-06
68352 2.27531e-06
68480 5.70443e-06
68608 2.77194e-06
68736 1.68916e-06
68864 1.45686e-06
68992 1.64074e-06
69120 2.05515e-06
69248 2.08639e-06
69376 1.67316e-06
69504 2.39636e-06
69632 1.6571e-06
69760 1.44259e-06
69888 1.77779e-06
70016 1.53266e-06
70144 1.29928e-06
70272 1.83963e-06
70400 1.69868e-06
70528 1.5451e-06
70656 1.65336e-06
70784 1.44641e-06
70912 1.59552e-06
71040 1.65116e-06
71168 1.93763e-06
71296 1.44531e-06
71424 1.37323e-06
71552 1.39627e-06
71680 1.44213e-06
71808 1.62683e-06
71936 1.66353e-06
72064 1.6941e-06
72192 1.60367e-06
72320 1.53408e-06
72448 1.66647e-06
72576 1.68972e-06
72704 1.63746e-06
72832 1.3889e-06
72960 1.77014e-06
73088 1.57419e-06
73216 1.31995e-06
73344 1.76139e-06
73472 1.65767e-06
73600 1.30421e-06
73728 1.37576e-06
73856 1.26569e-06
73984 1.32191e-06
74112 1.32192e-06
74240 1.59152e-06
74368 1.57017e-06
74496 1.24385e-06
74624 1.38456e-06
74752 1.49783e-06
74880 1.4651e-06
75008 1.23855e-06
75136 1.41253e-06
75264 1.3339e-06
75392 1.47415e-06
75520 1.55725e-06
75648 1.60312e-06
75776 1.47639e-06
75904 1.24506e-06
76032 1.5224e-06
76160 1.37104e-06
76288 1.27159e-06
76416 1.59199e-06
76544 1.38534e-06
76672 1.50651e-06
76800 1.68744e-06
76928 1.7421e-06
77056 1.31947e-06
77184 1.57637e-06
77312 1.65135e-06
77440 1.57998e-06
77568 1.41937e-06
77696 1.43129e-06
77824 2.3635e-06
77952 2.83753e-06
78080 2.38676e-06
78208 1.63456e-06
78336 4.23606e-06
78464 1.95023e-06
78592 1.48584e-06
78720 1.5235e-06
78848 1.20043e-06
78976 1.49664e-06
79104 1.46483e-06
79232 1.53495e-06
79360 1.27133e-06
79488 1.37327e-06
79616 1.55655e-06
79744 1.50973e-06
79872 1.45469e-06
80000 1.33002e-06
80128 1.42795e-06
80256 1.75073e-06
80384 1.30317e-06
80512 1.24953e-06
80640 1.52672e-06
80768 1.59861e-06
80896 1.59712e-06
81024 1.61856e-06
81152 1.46966e-06
81280 1.25046e-06
81408 1.28048e-06
81536 1.58083e-06
81664 1.19798e-06
81792 1.52123e-06
81920 1.35303e-06
82048 1.38941e-06
82176 1.13819e-06
82304 1.41375e-06
82432 1.82797e-06
82560 1.17168e-06
82688 1.30714e-06
82816 1.28066e-06
82944 1.25683e-06
83072 1.34669e-06
83200 1.46636e-06
83328 1.36303e-06
83456 1.31849e-06
83584 1.36664e-06
83712 1.44717e-06
83840 1.39742e-06
83968 1.25792e-06
84096 1.36432e-06
84224 1.6689e-06
84352 1.62035e-06
84480 1.46201e-06
84608 1.27967e-06
84736 1.02657e-06
84864 1.21518e-06
84992 1.53136e-06
85120 1.38675e-06
85248 1.51816e-06
85376 1.51054e-06
85504 2.16845e-06
85632 2.61681e-06
85760 1.76806e-06
85888 1.25898e-06
86016 1.35643e-06
86144 1.33769e-06
86272 1.44375e-06
86400 1.48471e-06
86528 1.23552e-06
86656 1.247e-06
86784 1.24103e-06
86912 1.50596e-06
87040 1.31402e-06
87168 1.28484e-06
87296 1.5619e-06
87424 1.3868e-06
87552 1.27191e-06
87680 2.66651e-06
87808 1.15486e-06
87936 1.34274e-06
88064 1.5384e-06
88192 1.12464e-06
88320 1.50874e-06
88448 1.16636e-06
88576 1.11434e-06
88704 1.39055e-06
88832 1.27502e-06
88960 1.31289e-06
89088 1.3038e-06
89216 1.33896e-06
89344 1.056e-06
89472 9.9596e-07
89600 1.29344e-06
89728 1.21494e-06
89856 1.49389e-06
89984 1.56934e-06
90112 1.5495e-06
90240 1.41323e-06
90368 1.13948e-06
90496 1.45557e-06
90624 1.20664e-06
90752 1.20486e-06
90880 1.2446e-06
91008 1.2957e-06
91136 1.02416e-06
91264 1.43247e-06
91392 1.25791e-06
91520 1.20193e-06
91648 1.35319e-06
91776 1.39173e-06
91904 1.2665e-06
92032 8.79357e-07
92160 1.22236e-06
92288 1.26437e-06
92416 1.16312e-06
92544 1.22135e-06
92672 1.39195e-06
92800 1.1671e-06
92928 1.30154e-06
93056 1.31342e-06
93184 1.20699e-06
93312 1.1231e-06
93440 1.23018e-06
93568 1.36332e-06
93696 1.16919e-06
93824 1.37952e-06
93952 1.18607e-06
94080 1.34564e-06
94208 1.07662e-06
94336 1.15079e-06
94464 1.08064e-06
94592 1.23232e-06
94720 1.15504e-06
94848 1.15265e-06
94976 1.26903e-06
95104 1.30415e-06
95232 1.23911e-06
95360 9.86688e-07
95488 1.34136e-06
95616 1.2982e-06
95744 1.28475e-06
95872 1.13662e-06
96000 1.30178e-06
96128 1.25645e-06
96256 1.35217e-06
96384 1.25927e-06
96512 1.11307e-06
96640 1.25662e-06
96768 1.09292e-06
96896 1.19492e-06
97024 1.12296e-06
97152 1.04174e-06
97280 1.25251e-06
97408 1.38193e-06
97536 1.18127e-06
97664 1.21116e-06
97792 1.28671e-06
97920 2.99998e-06
98048 1.60603e-06
98176 1.73751e-06
98304 2.49117e-06
98432 5.23571e-06
98560 5.62498e-06
98688 1.8796e-06
98816 1.65138e-06
98944 1.63326e-06
99072 1.5347e-06
99200 1.44634e-06
99328 1.57645e-06
99456 1.24183e-06
99584 1.24932e-06
99712 1.30444e-06
99840 1.33861e-06
99968 1.302e-06
100096 8.80251e-07
100224 1.23706e-06
100352 1.07571e-06
100480 1.15303e-06
100608 1.26386e-06
100736 1.05246e-06
100864 1.11534e-06
100992 1.30283e-06
101120 1.03535e-06
101248 1.72901e-06
101376 1.21668e-06
101504 9.44085e-07
101632 1.05521e-06
101760 1.20175e-06
101888 8.72208e-07
102016 1.06382e-06
102144 1.43977e-06
102272 1.38005e-06
102400 1.44062e-06
