0 0.000443819
64 2.77795e-08
128 1.99989e-08
192 2.31301e-08
256 2.05615e-08
320 2.11973e-08
384 1.81394e-08
448 2.11905e-08
512 2.17371e-08
576 2.09721e-08
640 1.69154e-08
704 2.40025e-08
768 1.9543e-08
832 1.92022e-08
896 2.00129e-08
960 1.90523e-08
1024 2.14739e-08
1088 2.03137e-08
1152 2.44286e-08
1216 2.32306e-08
1280 2.41211e-08
1344 2.14559e-08
1408 2.52645e-08
1472 2.48716e-08
1536 2.29445e-08
1600 2.36339e-08
1664 1.9314e-08
1728 2.38818e-08
1792 2.41212e-08
1856 2.15365e-08
1920 2.09592e-08
1984 1.98935e-08
2048 1.93186e-08
2112 2.75256e-08
2176 2.48774e-08
2240 2.46775e-08
2304 2.28955e-08
2368 2.76501e-08
2432 2.56941e-08
2496 2.63121e-08
2560 2.38494e-08
2624 2.08487e-08
2688 2.73692e-08
2752 2.2755e-08
2816 2.4066e-08
2880 2.04443e-08
2944 2.37793e-08
3008 2.35329e-08
3072 2.44695e-08
3136 2.76061e-08
3200 2.64284e-08
3264 2.59683e-08
3328 2.10432e-08
3392 2.02384e-08
3456 2.18179e-08
3520 2.19136e-08
3584 2.53479e-08
3648 2.25073e-08
3712 2.19321e-08
3776 2.11335e-08
3840 1.98295e-08
3904 2.68574e-08
3968 2.62214e-08
4032 1.63036e-08
4096 1.94543e-08
4160 2.52209e-08
4224 3.05165e-08
4288 2.20755e-08
4352 2.53988e-08
4416 2.09753e-08
4480 2.27809e-08
4544 2.29341e-08
4608 2.0905e-08
4672 2.20181e-08
4736 2.46097e-08
4800 2.10861e-08
4864 2.20391e-08
4928 2.29699e-08
4992 2.41409e-08
5056 3.14001e-08
5120 2.20766e-08
5184 2.55515e-08
5248 2.80174e-08
5312 2.02255e-08
5376 2.04779e-08
5440 2.48621e-08
5504 2.13007e-08
5568 2.25539e-08
5632 2.40189e-08
5696 2.75241e-08
5760 2.80815e-08
5824 1.85125e-08
5888 2.64351e-08
5952 2.53701e-08
6016 2.2246e-08
6080 2.52521e-08
6144 2.2212e-08
6208 2.40916e-08
6272 2.4036e-08
6336 2.16071e-08
6400 2.37811e-08
6464 2.42368e-08
6528 2.18256e-08
6592 1.70957e-08
6656 2.53276e-08
6720 2.524e-08
6784 2.17339e-08
6848 2.99911e-08
6912 2.20103e-08
6976 2.65159e-08
7040 2.22008e-08
7104 2.25004e-08
7168 2.2932e-08
7232 1.99312e-08
7296 2.21253e-08
7360 2.26085e-08
7424 2.55736e-08
7488 2.57035e-08
7552 2.0749e-08
7616 2.4956e-08
7680 2.12704e-08
7744 2.7976e-08
7808 2.21847e-08
7872 1.95872e-08
7936 2.29172e-08
8000 2.54308e-08
8064 2.13122e-08
8128 2.35942e-08
8192 2.15706e-08
8256 2.50551e-08
8320 2.13596e-08
8384 2.87672e-08
8448 2.60176e-08
8512 2.27196e-08
8576 2.2035e-08
8640 2.38277e-08
8704 2.43514e-08
8768 2.22694e-08
8832 2.22008e-08
8896 2.06321e-08
8960 2.4287e-08
9024 2.54785e-08
9088 2.25106e-08
9152 2.1244e-08
9216 2.07102e-08
9280 2.00924e-08
9344 2.81042e-08
9408 2.52224e-08
9472 2.14236e-08
9536 2.71182e-08
9600 2.26546e-08
9664 2.63337e-08
9728 2.27376e-08
9792 2.33536e-08
9856 2.95569e-08
9920 2.5229e-08
9984 2.25316e-08
10048 2.11144e-08
10112 2.31984e-08
10176 2.01139e-08
10240 2.23715e-08
10304 2.4702e-08
10368 2.67096e-08
10432 2.08494e-08
10496 2.11385e-08
10560 2.60157e-08
10624 2.39385e-08
10688 2.39365e-08
10752 1.89392e-08
10816 2.53071e-08
10880 2.37086e-08
10944 2.20576e-08
11008 2.04759e-08
11072 2.28859e-08
11136 2.69764e-08
11200 2.09955e-08
11264 2.35074e-08
11328 2.43833e-08
11392 2.37957e-08
11456 2.18363e-08
11520 2.47215e-08
11584 2.46672e-08
11648 2.11221e-08
11712 2.29333e-08
11776 2.72259e-08
11840 2.65634e-08
11904 2.45785e-08
11968 2.25766e-08
12032 2.43534e-08
12096 1.98064e-08
12160 2.54172e-08
12224 2.42034e-08
12288 2.3784e-08
12352 2.23818e-08
12416 2.7871e-08
12480 2.59406e-08
12544 2.15744e-08
12608 2.03265e-08
12672 2.10503e-08
12736 2.6044e-08
12800 2.05321e-08
12864 2.23524e-08
12928 1.9355e-08
12992 2.45711e-08
13056 2.30895e-08
13120 2.38925e-08
13184 2.13146e-08
13248 2.37798e-08
13312 2.46748e-08
13376 2.99554e-08
13440 1.95224e-08
13504 2.1374e-08
13568 2.60936e-08
13632 2.13664e-08
13696 2.39764e-08
13760 2.45422e-08
13824 2.46461e-08
13888 2.30336e-08
13952 2.19451e-08
14016 2.52279e-08
14080 2.39603e-08
14144 2.41284e-08
14208 2.95871e-08
14272 2.47144e-08
14336 3.01508e-08
14400 2.47684e-08
14464 2.38247e-08
14528 2.83296e-08
14592 2.99288e-08
14656 2.81644e-08
14720 2.65109e-08
14784 2.57875e-08
14848 1.97687e-08
14912 2.70719e-08
14976 2.41763e-08
15040 2.14239e-08
15104 1.87776e-08
15168 1.94838e-08
15232 2.84133e-08
15296 2.44894e-08
15360 2.61604e-08
15424 2.29619e-08
15488 1.94056e-08
15552 2.39403e-08
15616 2.4135e-08
15680 2.82663e-08
15744 2.43589e-08
15808 2.62761e-08
15872 2.51689e-08
15936 2.42613e-08
16000 3.2377e-08
16064 2.30682e-08
16128 2.83849e-08
16192 2.3554e-08
16256 1.93648e-08
16320 2.45178e-08
16384 2.26194e-08
16448 2.621e-08
16512 2.26968e-08
16576 2.5344e-08
16640 2.20569e-08
16704 2.57604e-08
16768 2.02905e-08
16832 2.59952e-08
16896 2.21535e-08
16960 2.46219e-08
17024 2.60813e-08
17088 2.49764e-08
17152 2.94939e-08
17216 2.23717e-08
17280 2.55896e-08
17344 2.1934e-08
17408 2.69839e-08
17472 2.35138e-08
17536 2.60616e-08
17600 2.72554e-08
17664 2.33494e-08
17728 3.1222e-08
17792 2.10068e-08
17856 2.28341e-08
17920 2.52934e-08
17984 2.66402e-08
18048 2.20396e-08
18112 3.16334e-08
18176 2.7308e-08
18240 2.68417e-08
18304 2.64016e-08
18368 2.76595e-08
18432 2.50713e-08
18496 2.64531e-08
18560 2.47729e-08
18624 2.7479e-08
18688 2.47315e-08
18752 2.23565e-08
18816 2.76379e-08
18880 2.26673e-08
18944 2.49203e-08
19008 2.30268e-08
19072 2.28351e-08
19136 2.55517e-08
19200 2.48619e-08
19264 2.74715e-08
19328 2.7319e-08
19392 2.65796e-08
19456 2.45443e-08
19520 2.39108e-08
19584 2.94792e-08
19648 3.1501e-08
19712 2.50291e-08
19776 2.53709e-08
19840 2.38804e-08
19904 2.98962e-08
19968 2.23384e-08
20032 2.76538e-08
20096 2.69256e-08
20160 2.93944e-08
20224 2.45203e-08
20288 2.78204e-08
20352 2.70939e-08
20416 2.26255e-08
20480 2.58287e-08
20544 2.19067e-08
20608 2.00136e-08
20672 2.64624e-08
20736 2.57242e-08
20800 3.02245e-08
20864 2.57698e-08
20928 2.53669e-08
20992 3.1243e-08
21056 2.26726e-08
21120 2.15926e-08
21184 2.96241e-08
21248 2.41585e-08
21312 2.48695e-08
21376 2.92691e-08
21440 2.2354e-08
21504 2.38754e-08
21568 2.93343e-08
21632 2.74779e-08
21696 2.23767e-08
21760 2.31718e-08
21824 2.53067e-08
21888 2.47359e-08
21952 2.95239e-08
22016 2.42567e-08
22080 2.71715e-08
22144 2.68279e-08
22208 2.99579e-08
22272 2.6682e-08
22336 2.77671e-08
22400 2.75606e-08
22464 2.22752e-08
22528 2.49019e-08
22592 3.22581e-08
22656 2.05836e-08
22720 2.76642e-08
22784 2.20997e-08
22848 2.65313e-08
22912 2.47883e-08
22976 2.73225e-08
23040 2.2773e-08
23104 2.55764e-08
23168 2.49383e-08
23232 3.26621e-08
23296 2.69965e-08
23360 2.76936e-08
23424 2.49182e-08
23488 2.62591e-08
23552 2.63137e-08
23616 2.27398e-08
23680 2.14678e-08
23744 2.91955e-08
23808 2.28885e-08
23872 2.42997e-08
23936 2.70671e-08
24000 2.79e-08
24064 2.41081e-08
24128 2.424e-08
24192 2.41875e-08
24256 2.78648e-08
24320 2.47554e-08
24384 3.28902e-08
24448 2.69936e-08
24512 2.27876e-08
24576 2.90945e-08
24640 2.98207e-08
24704 3.15724e-08
24768 2.5858e-08
24832 2.2e-08
24896 2.36631e-08
24960 2.2381e-08
25024 2.8949e-08
25088 2.10091e-08
25152 2.13967e-08
25216 2.02799e-08
25280 2.23374e-08
25344 2.65856e-08
25408 2.39122e-08
25472 2.70158e-08
25536 1.99816e-08
25600 2.58201e-08
25664 2.87819e-08
25728 2.77218e-08
25792 2.87787e-08
25856 2.544e-08
25920 3.21329e-08
25984 3.11626e-08
26048 2.51555e-08
26112 3.24525e-08
26176 2.78592e-08
26240 2.20286e-08
26304 2.63927e-08
26368 2.61766e-08
26432 2.40987e-08
26496 3.19626e-08
26560 2.571e-08
26624 2.82431e-08
26688 2.00166e-08
26752 2.37139e-08
26816 2.76973e-08
26880 2.75681e-08
26944 2.77914e-08
27008 2.44886e-08
27072 2.7944e-08
27136 2.31496e-08
27200 2.6884e-08
27264 3.07291e-08
27328 2.83898e-08
27392 2.29239e-08
27456 2.86191e-08
27520 2.41916e-08
27584 2.77051e-08
27648 2.57582e-08
27712 2.38707e-08
27776 2.23974e-08
27840 2.75739e-08
27904 2.5197e-08
27968 2.90754e-08
28032 2.71926e-08
28096 2.80026e-08
28160 2.68506e-08
28224 2.61479e-08
28288 2.29565e-08
28352 2.63763e-08
28416 2.87237e-08
28480 2.5245e-08
28544 2.2864e-08
28608 2.73029e-08
28672 3.28741e-08
28736 2.39301e-08
28800 2.431e-08
28864 2.89917e-08
28928 2.55621e-08
28992 2.34125e-08
29056 2.41835e-08
29120 3.07935e-08
29184 3.15956e-08
29248 2.67579e-08
29312 2.32376e-08
29376 2.63233e-08
29440 2.25962e-08
29504 2.53749e-08
29568 2.77904e-08
29632 2.93094e-08
29696 2.36081e-08
29760 2.61029e-08
29824 2.83334e-08
29888 2.9399e-08
29952 2.89831e-08
30016 2.69768e-08
30080 2.81832e-08
30144 2.69108e-08
30208 2.54798e-08
30272 2.51353e-08
30336 2.28798e-08
30400 2.85229e-08
30464 2.6935e-08
30528 2.50676e-08
30592 2.99341e-08
30656 2.58801e-08
30720 3.02096e-08
30784 2.6062e-08
30848 2.84835e-08
30912 2.73748e-08
30976 3.27095e-08
31040 2.55426e-08
31104 2.83159e-08
31168 2.50278e-08
31232 2.28575e-08
31296 3.67417e-08
31360 2.53986e-08
31424 2.49523e-08
31488 2.43428e-08
31552 2.75382e-08
31616 2.53029e-08
31680 2.66112e-08
31744 3.08158e-08
31808 2.51516e-08
31872 2.31499e-08
31936 2.90509e-08
32000 2.88918e-08
32064 2.97225e-08
32128 2.68709e-08
32192 2.19291e-08
32256 2.31924e-08
32320 3.12146e-08
32384 2.73004e-08
32448 2.48441e-08
32512 2.61624e-08
32576 2.81794e-08
32640 2.6904e-08
32704 2.65629e-08
32768 2.44196e-08
32832 2.52961e-08
32896 2.86814e-08
32960 2.50545e-08
33024 2.68476e-08
33088 2.64406e-08
33152 2.37581e-08
33216 2.01792e-08
33280 3.56185e-08
33344 2.88955e-08
33408 2.69135e-08
33472 2.35925e-08
33536 2.72439e-08
33600 3.16416e-08
33664 2.61869e-08
33728 2.66815e-08
33792 2.45929e-08
33856 2.62105e-08
33920 2.86909e-08
33984 2.34006e-08
34048 2.41174e-08
34112 2.46341e-08
34176 2.66044e-08
34240 2.70585e-08
34304 2.84202e-08
34368 2.90965e-08
34432 2.37323e-08
34496 2.39095e-08
34560 3.12319e-08
34624 2.84773e-08
34688 2.60097e-08
34752 2.60761e-08
34816 2.96919e-08
34880 3.52206e-08
34944 2.26961e-08
35008 2.88752e-08
35072 2.6009e-08
35136 2.53555e-08
35200 1.90776e-08
35264 2.7673e-08
35328 3.1993e-08
35392 2.34468e-08
35456 2.80423e-08
35520 2.26512e-08
35584 2.94924e-08
35648 2.37033e-08
35712 2.75826e-08
35776 3.14398e-08
35840 2.53204e-08
35904 2.63704e-08
35968 2.30555e-08
36032 2.43459e-08
36096 2.7105e-08
36160 2.1867e-08
36224 2.51281e-08
36288 2.69768e-08
36352 2.50915e-08
36416 2.60463e-08
36480 2.45498e-08
36544 2.51987e-08
36608 2.64419e-08
36672 2.77949e-08
36736 2.44741e-08
36800 2.41439e-08
36864 2.27288e-08
36928 2.42031e-08
36992 2.67216e-08
37056 3.27984e-08
37120 3.28845e-08
37184 2.535e-08
37248 2.72285e-08
37312 2.10491e-08
37376 2.53859e-08
37440 2.76418e-08
37504 2.42259e-08
37568 2.71686e-08
37632 2.65591e-08
37696 2.2339e-08
37760 2.77807e-08
37824 2.62112e-08
37888 2.82555e-08
37952 2.79214e-08
38016 2.3692e-08
38080 2.87142e-08
38144 2.28841e-08
38208 2.82271e-08
38272 2.59993e-08
38336 2.61297e-08
38400 3.13041e-08
38464 2.77635e-08
38528 2.64785e-08
38592 2.41079e-08
38656 2.4824e-08
38720 2.63173e-08
38784 2.63124e-08
38848 2.7625e-08
38912 2.67815e-08
38976 2.65914e-08
39040 2.78296e-08
39104 2.60806e-08
39168 2.49644e-08
39232 2.03888e-08
39296 2.72215e-08
39360 2.94555e-08
39424 3.12126e-08
39488 2.71016e-08
39552 2.06061e-08
39616 2.47344e-08
39680 2.51547e-08
39744 2.67509e-08
39808 2.46651e-08
39872 2.54471e-08
39936 2.62604e-08
40000 2.6107e-08
40064 3.08665e-08
40128 2.77785e-08
40192 2.3843e-08
40256 2.27845e-08
40320 2.25863e-08
40384 1.841e-08
40448 2.39935e-08
40512 2.71546e-08
40576 3.05016e-08
40640 2.80404e-08
40704 2.70569e-08
40768 2.0106e-08
40832 2.1099e-08
40896 2.76016e-08
40960 2.43022e-08
41024 2.84029e-08
41088 2.95791e-08
41152 2.53693e-08
41216 2.99946e-08
41280 2.48825e-08
41344 2.75316e-08
41408 2.97109e-08
41472 2.40121e-08
41536 2.8423e-08
41600 2.35319e-08
41664 2.95495e-08
41728 2.12219e-08
41792 3.0363e-08
41856 2.07731e-08
41920 2.2711e-08
41984 2.11607e-08
42048 2.66526e-08
42112 3.2659e-08
42176 2.31325e-08
42240 1.78126e-08
42304 2.39371e-08
42368 2.54974e-08
42432 2.88621e-08
42496 2.7282e-08
42560 3.1221e-08
42624 2.91377e-08
42688 2.6715e-08
42752 2.20136e-08
42816 2.89876e-08
42880 3.1686e-08
42944 2.75822e-08
43008 2.65932e-08
43072 2.27502e-08
43136 2.16589e-08
43200 2.77254e-08
43264 2.44727e-08
43328 2.4105e-08
43392 3.61723e-08
43456 3.06458e-08
43520 2.20895e-08
43584 2.64745e-08
43648 2.98476e-08
43712 2.20962e-08
43776 2.63636e-08
43840 2.02906e-08
43904 3.39591e-08
43968 2.58726e-08
44032 2.75381e-08
44096 2.20843e-08
44160 2.48102e-08
44224 2.26481e-08
44288 2.2946e-08
44352 2.12745e-08
44416 2.68193e-08
44480 2.92759e-08
44544 2.29529e-08
44608 2.40904e-08
44672 2.49988e-08
44736 2.47582e-08
44800 2.3551e-08
44864 2.39965e-08
44928 2.32706e-08
44992 2.22583e-08
45056 2.31804e-08
45120 2.73616e-08
45184 2.48641e-08
45248 2.19911e-08
45312 2.83919e-08
45376 2.66501e-08
45440 2.62683e-08
45504 2.5783e-08
45568 2.83352e-08
45632 2.39275e-08
45696 2.39683e-08
45760 2.86465e-08
45824 2.46865e-08
45888 2.30611e-08
45952 2.71519e-08
46016 2.60217e-08
46080 2.0266e-08
46144 2.05967e-08
46208 2.66588e-08
46272 3.2183e-08
46336 2.2762e-08
46400 2.30509e-08
46464 2.65321e-08
46528 2.4599e-08
46592 2.17185e-08
46656 2.20011e-08
46720 2.5736e-08
46784 2.7015e-08
46848 2.71956e-08
46912 3.24488e-08
46976 2.28664e-08
47040 2.66274e-08
47104 2.91645e-08
47168 2.45644e-08
47232 2.79106e-08
47296 2.7842e-08
47360 2.20808e-08
47424 2.44689e-08
47488 3.08456e-08
47552 2.75919e-08
47616 2.19944e-08
47680 2.77632e-08
47744 2.63537e-08
47808 2.8046e-08
47872 2.11004e-08
47936 3.06475e-08
48000 2.33059e-08
48064 2.27711e-08
48128 2.78664e-08
48192 2.76039e-08
48256 2.27319e-08
48320 2.80011e-08
48384 2.59319e-08
48448 2.23952e-08
48512 2.88662e-08
48576 2.26328e-08
48640 2.85484e-08
48704 3.05137e-08
48768 2.59321e-08
48832 2.46541e-08
48896 2.44521e-08
48960 3.0364e-08
49024 2.66683e-08
49088 2.2843e-08
49152 2.95474e-08
49216 2.39434e-08
49280 2.19857e-08
49344 2.81534e-08
49408 2.9553e-08
49472 2.47508e-08
49536 2.56878e-08
49600 2.50792e-08
49664 2.17373e-08
49728 2.97109e-08
49792 2.69349e-08
49856 2.26988e-08
49920 2.39225e-08
49984 2.30631e-08
50048 2.54029e-08
50112 2.45457e-08
50176 3.25484e-08
50240 2.3487e-08
50304 2.60212e-08
50368 2.47645e-08
50432 2.21978e-08
50496 2.70003e-08
50560 2.36096e-08
50624 2.58655e-08
50688 2.26252e-08
50752 2.28426e-08
50816 2.74086e-08
50880 2.5372e-08
50944 2.56051e-08
51008 2.71354e-08
51072 2.85044e-08
51136 2.72726e-08
51200 2.1502e-08
