0 0.000131804
0.5 2.94371e-07
1 1.53602e-07
1.5 9.66666e-08
2 8.85224e-08
2.5 5.68056e-08
3 5.98379e-08
3.5 5.43042e-08
4 5.37449e-08
4.5 5.46741e-08
5 3.56956e-08
5.5 4.74319e-08
6 2.93277e-08
6.5 4.62038e-08
7 2.9235e-08
7.5 2.66224e-08
8 3.20431e-08
8.5 2.61115e-08
9 2.89803e-08
9.5 3.37675e-08
10 2.13918e-08
10.5 2.28205e-08
11 2.49347e-08
11.5 3.37129e-08
12 3.13193e-08
12.5 2.04879e-08
13 2.32835e-08
13.5 2.24371e-08
14 2.15137e-08
14.5 1.84375e-08
15 2.7426e-08
15.5 1.72189e-08
16 2.43738e-08
16.5 3.26156e-08
17 3.38939e-08
17.5 2.23669e-08
18 2.71034e-08
18.5 2.05318e-08
19 2.54216e-08
19.5 1.91289e-08
20 2.79228e-08
20.5 1.15745e-08
21 1.90192e-08
21.5 1.51005e-08
22 2.20558e-08
22.5 2.19128e-08
23 2.86627e-08
23.5 2.34991e-08
24 2.82601e-08
24.5 1.60601e-08
25 2.99216e-08
25.5 1.35847e-08
26 1.53801e-08
26.5 2.92971e-08
27 3.28949e-08
27.5 1.72224e-08
28 2.07539e-08
28.5 2.06301e-08
29 2.26247e-08
29.5 2.04934e-08
30 1.66767e-08
30.5 2.58804e-08
31 2.47939e-08
31.5 2.39356e-08
32 2.59692e-08
32.5 2.5033e-08
33 2.60425e-08
33.5 3.13343e-08
34 2.52755e-08
34.5 2.32047e-08
35 3.2812e-08
35.5 1.72709e-08
36 2.36051e-08
36.5 2.38243e-08
37 1.92702e-08
37.5 2.78879e-08
38 2.52349e-08
38.5 1.41854e-08
39 1.97189e-08
39.5 2.37574e-08
40 3.03038e-08
40.5 2.04552e-08
41 2.65386e-08
41.5 2.45352e-08
42 2.51218e-08
42.5 2.03558e-08
43 2.04673e-08
43.5 2.14136e-08
44 3.17504e-08
44.5 1.5293e-08
45 1.22819e-08
45.5 1.88137e-08
46 2.50815e-08
46.5 2.47889e-08
47 2.37527e-08
47.5 2.39043e-08
48 1.50983e-08
48.5 2.11052e-08
49 1.85795e-08
49.5 2.80946e-08
50 1.61762e-08
50.5 1.58453e-08
51 2.03587e-08
51.5 1.71646e-08
52 2.04471e-08
52.5 1.78686e-08
53 2.35435e-08
53.5 2.36049e-08
54 1.87089e-08
54.5 2.87726e-08
55 3.14344e-08
55.5 3.19008e-08
56 1.4118e-08
56.5 1.86922e-08
57 2.55496e-08
57.5 3.15296e-08
58 1.53217e-08
58.5 2.02606e-08
59 2.5584e-08
59.5 2.24267e-08
60 1.21169e-07
60.5 1.94034e-08
61 2.14088e-08
61.5 2.39438e-08
62 2.96593e-08
62.5 1.78279e-08
63 3.05787e-08
63.5 2.28045e-08
64 2.27868e-08
64.5 2.4133e-08
65 1.94973e-08
65.5 3.09636e-08
66 2.24929e-08
66.5 2.06011e-08
67 2.09391e-08
67.5 1.42647e-08
68 1.56883e-08
68.5 2.4187e-08
69 2.63649e-08
69.5 1.65131e-08
70 1.45401e-08
70.5 3.60219e-08
71 2.11248e-08
71.5 2.39105e-08
72 2.39317e-08
72.5 2.64824e-08
73 1.73837e-08
73.5 2.15649e-08
74 2.69593e-08
74.5 1.86861e-08
75 2.09827e-08
75.5 2.36949e-08
76 2.88768e-08
76.5 2.01848e-08
77 1.8977e-08
77.5 2.58121e-08
78 1.5114e-08
78.5 1.81811e-08
79 1.54837e-08
79.5 1.94801e-08
80 1.72257e-08
80.5 2.25037e-08
81 1.21392e-08
81.5 1.40542e-08
82 1.90862e-08
82.5 1.99875e-08
83 2.37435e-08
83.5 1.78805e-08
84 1.82554e-08
84.5 2.23753e-08
85 1.42451e-08
85.5 3.32869e-08
86 2.1011e-08
86.5 2.44996e-08
87 2.48962e-08
87.5 1.38153e-08
88 1.57539e-08
88.5 2.88905e-08
89 2.04396e-08
89.5 2.29141e-08
90 1.49621e-08
90.5 2.24225e-08
91 1.4256e-08
91.5 1.67535e-08
92 3.09102e-08
92.5 2.25226e-08
93 1.5546e-08
93.5 3.16621e-08
94 2.74089e-08
94.5 2.76896e-08
95 2.49377e-08
95.5 2.71129e-08
96 1.98209e-08
96.5 1.67757e-08
97 2.79409e-08
97.5 1.49661e-08
98 2.19427e-08
98.5 1.73781e-08
99 2.45905e-08
99.5 2.10363e-08
100 1.88346e-08
100.5 1.93497e-08
101 2.59283e-08
101.5 3.26382e-08
102 2.67241e-08
102.5 1.21825e-08
103 1.69957e-08
103.5 1.89935e-08
104 1.81134e-08
104.5 2.02313e-08
105 1.33234e-08
105.5 2.56424e-08
106 1.74658e-08
106.5 1.43794e-08
107 2.56926e-08
107.5 2.04628e-08
108 1.93897e-08
108.5 1.51691e-08
109 1.77184e-08
109.5 1.57255e-08
110 2.0461e-08
110.5 2.32956e-08
111 2.90265e-08
111.5 2.61946e-08
112 1.44844e-08
112.5 1.39105e-08
113 2.64623e-08
113.5 2.41522e-08
114 2.41379e-08
114.5 1.31523e-08
115 1.71226e-08
115.5 2.07843e-08
116 1.82568e-08
116.5 2.61869e-08
117 1.54409e-08
117.5 2.12739e-08
118 1.49883e-08
118.5 2.43194e-08
119 2.85517e-08
119.5 1.91377e-08
120 3.09861e-08
120.5 1.61172e-08
121 2.10179e-08
121.5 2.82926e-08
122 2.26915e-08
122.5 2.40887e-08
123 2.69427e-08
123.5 1.78023e-08
124 1.61604e-08
124.5 2.47879e-08
125 2.00067e-08
125.5 2.32911e-08
126 1.98681e-08
126.5 3.00669e-08
127 1.49284e-08
127.5 2.30794e-08
128 2.20624e-08
128.5 2.36646e-08
129 1.57423e-08
129.5 2.23198e-08
130 2.66568e-08
130.5 1.91808e-08
131 1.28299e-08
131.5 1.87899e-08
132 1.82852e-08
132.5 2.1346e-08
133 2.39463e-08
133.5 3.00949e-08
134 2.58419e-08
134.5 2.07017e-08
135 2.21678e-08
135.5 2.29473e-08
136 1.76767e-08
136.5 1.75542e-08
137 2.27332e-08
137.5 2.52277e-08
138 1.75061e-08
138.5 3.01621e-08
139 1.56781e-08
139.5 1.3213e-08
140 1.70803e-08
140.5 2.29234e-08
141 2.56813e-08
141.5 1.39633e-08
142 1.73623e-08
142.5 1.87369e-08
143 1.97059e-08
143.5 2.45971e-08
144 1.47443e-08
144.5 1.93008e-08
145 2.2665e-08
145.5 1.64415e-08
146 1.93463e-08
146.5 2.01022e-08
147 1.79493e-08
147.5 2.91161e-08
148 2.71339e-08
148.5 2.74275e-08
149 2.14809e-08
149.5 2.88152e-08
150 2.72792e-08
150.5 3.18405e-08
151 2.58506e-08
151.5 2.19486e-08
152 2.21455e-08
152.5 1.75133e-08
153 1.71646e-08
153.5 2.32843e-08
154 2.12305e-08
154.5 2.03657e-08
155 2.15331e-08
155.5 2.75545e-08
156 1.95915e-08
156.5 2.33907e-08
157 2.26102e-08
157.5 2.04007e-08
158 1.83462e-08
158.5 2.14423e-08
159 2.80174e-08
159.5 1.18145e-08
160 1.72741e-08
160.5 1.12078e-08
161 2.34468e-08
161.5 2.23224e-08
162 1.10576e-08
162.5 2.01834e-08
163 2.29786e-08
163.5 1.72608e-08
164 2.84384e-08
164.5 2.40578e-08
165 2.06211e-08
165.5 1.5004e-08
166 1.81339e-08
166.5 2.37147e-08
167 2.07846e-08
167.5 1.74163e-08
168 3.15488e-08
168.5 1.98427e-08
169 2.60369e-08
169.5 2.71059e-08
170 2.99976e-08
170.5 1.95211e-08
171 2.98075e-08
171.5 2.0455e-08
172 1.75329e-08
172.5 3.15908e-08
173 2.61292e-08
173.5 1.99884e-08
174 1.66535e-08
174.5 1.67792e-08
175 1.61745e-08
175.5 2.42041e-08
176 1.82612e-08
176.5 1.7825e-08
177 2.22708e-08
177.5 1.83138e-08
178 1.60943e-08
178.5 1.68834e-08
179 2.74519e-08
179.5 2.15003e-08
180 6.0392e-08
180.5 1.9543e-08
181 2.63505e-08
181.5 2.49148e-08
182 2.13057e-08
182.5 1.59532e-08
183 2.57325e-08
183.5 1.97469e-08
184 1.95929e-08
184.5 2.46202e-08
185 1.95133e-08
185.5 1.49993e-08
186 3.21058e-08
186.5 1.4789e-08
187 2.57544e-08
187.5 2.4018e-08
188 1.58092e-08
188.5 2.19316e-08
189 2.6013e-08
189.5 1.89432e-08
190 2.46066e-08
190.5 2.3833e-08
191 2.39028e-08
191.5 3.39175e-08
192 2.46265e-08
192.5 2.03049e-08
193 1.64689e-08
193.5 1.98922e-08
194 2.25229e-08
194.5 1.81008e-08
195 2.91954e-08
195.5 2.35083e-08
196 2.30992e-08
196.5 1.7636e-08
197 1.77601e-08
197.5 2.50889e-08
198 1.43943e-08
198.5 1.97028e-08
199 2.50921e-08
199.5 2.51248e-08
200 1.73268e-08
200.5 1.41491e-08
201 1.83969e-08
201.5 2.37988e-08
202 2.22989e-08
202.5 1.74155e-08
203 2.52253e-08
203.5 2.55745e-08
204 1.83616e-08
204.5 3.21349e-08
205 1.99936e-08
205.5 1.77883e-08
206 1.81909e-08
206.5 2.43697e-08
207 2.32104e-08
207.5 3.05827e-08
208 1.72849e-08
208.5 2.17025e-08
209 2.93189e-08
209.5 2.17188e-08
210 1.5525e-08
210.5 2.46719e-08
211 2.37018e-08
211.5 2.45594e-08
212 2.29547e-08
212.5 2.37797e-08
213 2.30698e-08
213.5 2.08464e-08
214 2.24381e-08
214.5 1.84726e-08
215 1.71695e-08
215.5 2.09557e-08
216 2.63993e-08
216.5 2.67575e-08
217 2.60473e-08
217.5 2.18741e-08
218 2.03198e-08
218.5 1.49553e-08
219 2.97211e-08
219.5 2.11681e-08
220 1.46216e-08
220.5 2.43706e-08
221 2.30784e-08
221.5 3.04684e-08
222 2.23057e-08
222.5 2.71946e-08
223 1.7473e-08
223.5 1.78291e-08
224 2.24566e-08
224.5 2.47373e-08
225 2.7598e-08
225.5 1.68504e-08
226 2.85243e-08
226.5 2.27478e-08
227 3.24815e-08
227.5 1.34701e-08
228 1.95631e-08
228.5 2.02119e-08
229 1.76628e-08
229.5 1.81065e-08
230 2.10661e-08
230.5 1.55224e-08
231 2.09442e-08
231.5 1.52413e-08
232 1.05929e-08
232.5 1.72902e-08
233 3.35344e-08
233.5 2.12228e-08
234 2.08934e-08
234.5 2.82054e-08
235 2.34218e-08
235.5 1.58058e-08
236 2.62064e-08
236.5 2.44529e-08
237 3.09365e-08
237.5 2.14062e-08
238 2.08604e-08
238.5 2.05799e-08
239 2.16102e-08
239.5 2.2454e-08
240 2.82769e-08
240.5 2.34829e-08
241 2.26976e-08
241.5 1.70746e-08
242 2.02653e-08
242.5 2.86204e-08
243 2.09581e-08
243.5 1.97916e-08
244 1.27681e-08
244.5 1.89113e-08
245 2.27507e-08
245.5 2.2051e-08
246 1.4957e-08
246.5 2.07223e-08
247 2.28461e-08
247.5 2.35741e-08
248 2.31005e-08
248.5 1.56819e-08
249 2.35813e-08
249.5 2.11234e-08
250 1.90492e-08
250.5 2.5341e-08
251 2.53502e-08
251.5 1.65453e-08
252 1.47805e-08
252.5 2.48101e-08
253 2.77252e-08
253.5 1.78339e-08
254 1.82107e-08
254.5 1.86156e-08
255 2.53406e-08
255.5 2.32457e-08
256 1.36323e-08
256.5 3.51127e-08
257 9.97574e-09
257.5 1.84874e-08
258 2.48449e-08
258.5 2.57402e-08
259 2.37663e-08
259.5 1.87815e-08
260 2.05843e-08
260.5 2.27441e-08
261 2.59329e-08
261.5 2.38852e-08
262 1.91998e-08
262.5 2.56108e-08
263 2.16848e-08
263.5 1.57299e-08
264 1.90635e-08
264.5 2.05881e-08
265 1.19849e-08
265.5 1.93771e-08
266 2.33918e-08
266.5 1.89478e-08
267 2.61074e-08
267.5 2.63766e-08
268 2.43013e-08
268.5 1.28654e-08
269 2.21333e-08
269.5 1.79015e-08
270 1.85188e-08
270.5 2.41989e-08
271 1.91067e-08
271.5 2.07754e-08
272 1.83743e-08
272.5 2.12479e-08
273 1.36307e-08
273.5 2.45389e-08
274 1.78382e-08
274.5 2.21302e-08
275 2.31034e-08
275.5 2.32293e-08
276 2.00684e-08
276.5 2.02309e-08
277 1.99451e-08
277.5 1.49463e-08
278 1.71357e-08
278.5 1.84391e-08
279 1.96529e-08
279.5 2.88367e-08
280 2.70886e-08
280.5 1.86159e-08
281 2.02377e-08
281.5 1.47196e-08
282 1.32037e-08
282.5 2.25421e-08
283 1.58931e-08
283.5 2.22395e-08
284 3.13862e-08
284.5 2.37924e-08
285 1.416e-08
285.5 2.82806e-08
286 1.62886e-08
286.5 2.15601e-08
287 3.24811e-08
287.5 1.55015e-08
288 2.27787e-08
288.5 1.42857e-08
289 2.21982e-08
289.5 1.53405e-08
290 1.86041e-08
290.5 2.33085e-08
291 2.15228e-08
291.5 2.09349e-08
292 2.1671e-08
292.5 2.53979e-08
293 2.40176e-08
293.5 2.53966e-08
294 2.29315e-08
294.5 2.37537e-08
295 1.62347e-08
295.5 2.23695e-08
296 1.87194e-08
296.5 1.41409e-08
297 2.06709e-08
297.5 2.8551e-08
298 2.04746e-08
298.5 2.78852e-08
299 1.33036e-08
299.5 2.17724e-08
300 3.00189e-08
300.5 1.85644e-08
301 2.33905e-08
301.5 2.08493e-08
302 2.06768e-08
302.5 2.63557e-08
303 2.19363e-08
303.5 1.78731e-08
304 2.28475e-08
304.5 2.06447e-08
305 2.46719e-08
305.5 2.34627e-08
306 1.97584e-08
306.5 1.17762e-08
307 2.64471e-08
307.5 2.4625e-08
308 2.2248e-08
308.5 1.59289e-08
309 1.97167e-08
309.5 2.42251e-08
310 2.22394e-08
310.5 1.8281e-08
311 2.01919e-08
311.5 2.43529e-08
312 1.89244e-08
312.5 1.61285e-08
313 2.14296e-08
313.5 2.18045e-08
314 1.57208e-08
314.5 2.37855e-08
315 1.93254e-08
315.5 1.71377e-08
316 2.18336e-08
316.5 2.73259e-08
317 2.55796e-08
317.5 1.81137e-08
318 2.13225e-08
318.5 1.8761e-08
319 1.50018e-08
319.5 2.52174e-08
320 2.67515e-08
320.5 1.81468e-08
321 1.79615e-08
321.5 2.52004e-08
322 1.9811e-08
322.5 1.90198e-08
323 2.40792e-08
323.5 1.6828e-08
324 1.79854e-08
324.5 1.94073e-08
325 2.1413e-08
325.5 2.14861e-08
326 1.89836e-08
326.5 2.37742e-08
327 2.2567e-08
327.5 1.83497e-08
328 2.60801e-08
328.5 3.46426e-08
329 1.75053e-08
329.5 1.924e-08
330 1.7403e-08
330.5 2.42488e-08
331 2.48397e-08
331.5 2.52098e-08
332 1.80441e-08
332.5 2.34122e-08
333 1.57389e-08
333.5 2.58923e-08
334 1.3702e-08
334.5 2.07219e-08
335 1.26056e-08
335.5 2.25045e-08
336 1.38573e-08
336.5 1.84968e-08
337 2.41256e-08
337.5 2.96009e-08
338 1.61223e-08
338.5 1.61976e-08
339 1.97491e-08
339.5 2.58097e-08
340 2.1813e-08
340.5 1.65034e-08
341 1.93411e-08
341.5 1.93808e-08
342 2.16666e-08
342.5 2.74056e-08
343 1.64798e-08
343.5 1.90164e-08
344 2.78607e-08
344.5 1.74549e-08
345 1.51649e-08
345.5 2.42907e-08
346 1.56401e-08
346.5 2.06255e-08
347 2.36864e-08
347.5 2.15262e-08
348 2.48194e-08
348.5 2.59521e-08
349 2.14044e-08
349.5 1.83418e-08
350 2.00294e-08
350.5 1.81216e-08
351 1.8712e-08
351.5 2.07459e-08
352 2.38924e-08
352.5 1.99741e-08
353 2.38193e-08
353.5 1.50673e-08
354 2.06468e-08
354.5 1.78099e-08
355 2.21175e-08
355.5 2.68565e-08
356 2.45567e-08
356.5 1.55322e-08
357 2.96306e-08
357.5 1.30277e-08
358 2.62314e-08
358.5 2.0202e-08
359 1.84249e-08
359.5 1.43038e-08
360 2.38647e-08
360.5 1.99734e-08
361 1.3549e-08
361.5 1.60399e-08
362 3.30796e-08
362.5 2.61096e-08
363 2.69196e-08
363.5 2.11631e-08
364 2.03719e-08
364.5 1.38828e-08
365 1.75429e-08
365.5 2.35223e-08
366 2.07294e-08
366.5 3.20387e-08
367 2.27852e-08
367.5 1.45988e-08
368 1.63503e-08
368.5 2.19492e-08
369 2.01197e-08
369.5 1.20485e-08
370 1.41107e-08
370.5 3.12561e-08
371 2.27872e-08
371.5 1.8364e-08
372 2.15301e-08
372.5 2.29363e-08
373 2.01316e-08
373.5 2.24424e-08
374 2.53092e-08
374.5 2.16117e-08
375 1.50549e-08
375.5 2.45479e-08
376 1.90217e-08
376.5 1.42434e-08
377 1.48331e-08
377.5 1.92719e-08
378 2.12938e-08
378.5 3.43529e-08
379 1.76053e-08
379.5 2.09776e-08
380 1.73794e-08
380.5 2.53554e-08
381 1.58137e-08
381.5 1.78358e-08
382 1.54636e-08
382.5 2.32748e-08
383 2.13316e-08
383.5 1.46446e-08
384 1.68621e-08
384.5 1.60696e-08
385 1.98782e-08
385.5 2.49561e-08
386 2.81397e-08
386.5 2.68726e-08
387 2.0022e-08
387.5 9.19399e-09
388 2.13211e-08
388.5 1.93824e-08
389 1.85621e-08
389.5 2.0575e-08
390 2.92886e-08
390.5 2.86513e-08
391 1.86709e-08
391.5 2.49761e-08
392 1.94085e-08
392.5 2.32669e-08
393 2.33521e-08
393.5 2.07182e-08
394 1.87051e-08
394.5 2.23878e-08
395 1.66227e-08
395.5 1.59646e-08
396 2.09093e-08
396.5 1.87525e-08
397 2.53296e-08
397.5 2.17278e-08
398 1.88756e-08
398.5 1.676e-08
399 3.66863e-08
399.5 2.20436e-08
400 2.09603e-08
