0 7.53544e-05
4 5.58815e-08
8 4.21704e-08
12 4.4603e-08
16 4.34092e-08
20 4.91066e-08
24 4.71236e-08
28 5.40645e-08
32 4.03297e-08
36 4.1196e-08
40 5.079e-08
44 4.62042e-08
48 4.06266e-08
52 4.21895e-08
56 5.0535e-08
60 1.4696e-06
64 4.83987e-08
68 4.60675e-08
72 3.29559e-08
76 1.31546e-07
80 3.64472e-08
84 3.81507e-08
88 4.17659e-08
92 4.42827e-08
96 4.5743e-08
100 4.07518e-08
104 3.52569e-08
108 3.59152e-08
112 4.13254e-08
116 3.28244e-08
120 6.2047e-07
124 3.88042e-08
128 4.85579e-08
132 3.5507e-08
136 3.18756e-08
140 3.69659e-08
144 3.59527e-08
148 4.3071e-08
152 1.95755e-07
156 3.90079e-08
160 4.46266e-08
164 4.11862e-08
168 6.276e-08
172 3.80958e-08
176 6.0401e-08
180 3.64244e-06
184 5.9846e-08
188 3.49033e-08
192 3.48187e-08
196 3.96509e-08
200 3.75503e-08
204 4.45971e-08
208 4.06817e-08
212 4.0266e-08
216 3.89598e-08
220 3.53853e-08
224 4.55913e-08
228 4.39034e-08
232 4.22193e-08
236 3.36684e-08
240 2.49919e-07
244 3.62464e-08
248 4.14294e-08
252 3.14722e-08
256 3.24594e-08
260 3.51316e-08
264 3.74484e-08
268 3.7263e-08
272 4.69703e-08
276 3.56813e-08
280 3.61525e-08
284 5.00385e-08
288 5.3899e-08
292 3.99359e-08
296 5.57775e-08
300 1.49396e-06
304 7.42545e-08
308 5.84235e-08
312 6.22855e-08
316 7.52185e-08
320 8.21275e-08
324 1.09687e-07
328 1.84252e-07
332 8.3218e-07
336 3.9588e-07
340 1.59607e-07
344 9.3654e-08
348 7.5535e-08
352 7.0269e-08
356 5.84585e-08
360 2.57316e-07
364 4.9318e-08
368 3.64776e-08
372 4.78826e-08
376 3.89394e-08
380 7.3034e-08
384 4.84328e-08
388 4.38979e-08
392 3.34841e-08
396 3.89898e-08
400 3.84225e-08
404 5.78395e-08
408 5.616e-08
412 5.06275e-08
416 8.79505e-08
420 2.80586e-07
424 4.8678e-08
428 4.33766e-08
432 3.84046e-08
436 3.77714e-08
440 3.94531e-08
444 4.67072e-08
448 3.2744e-08
452 4.11624e-08
456 1.06882e-07
460 3.64569e-08
464 5.22705e-08
468 3.92546e-08
472 3.54592e-08
476 3.15138e-08
480 2.11638e-07
484 4.92781e-08
488 4.12322e-08
492 4.78817e-08
496 4.05126e-08
500 6.6943e-08
504 3.34323e-08
508 2.93808e-08
512 3.81417e-08
516 4.00483e-08
520 3.70663e-08
524 3.56068e-08
528 4.26419e-08
532 4.45131e-08
536 4.80427e-08
540 9.0308e-07
544 5.01455e-08
548 4.13941e-08
552 4.74718e-08
556 3.31193e-08
560 4.51083e-08
564 3.97871e-08
568 3.90093e-08
572 3.45393e-08
576 3.64219e-08
580 4.59424e-08
584 4.30518e-08
588 4.13304e-08
592 3.47387e-08
596 3.35936e-08
600 2.09432e-07
604 3.42178e-08
608 3.22786e-08
612 3.51716e-08
616 3.35667e-08
620 4.1695e-08
624 3.77171e-08
628 3.85358e-08
632 4.7215e-08
636 3.77316e-08
640 4.87014e-08
644 5.10995e-08
648 4.56779e-08
652 5.2136e-08
656 7.03265e-08
660 2.39432e-07
664 3.29675e-07
668 4.65901e-07
672 1.21674e-07
676 8.17505e-08
680 6.09775e-08
684 8.86435e-08
688 5.50665e-08
692 4.40772e-08
696 5.27015e-08
700 4.86016e-08
704 4.0014e-08
708 4.68836e-08
712 3.53523e-08
716 3.73635e-08
720 2.07428e-07
724 4.02939e-08
728 3.43322e-08
732 3.42252e-08
736 4.15692e-08
740 4.43561e-08
744 4.14369e-08
748 4.65804e-08
752 3.5302e-08
756 4.45008e-08
760 8.14685e-08
764 4.30699e-08
768 4.78493e-08
772 2.68057e-08
776 4.30787e-08
780 3.95282e-07
784 4.55965e-08
788 4.80438e-08
792 4.21052e-08
796 3.22777e-08
800 4.07202e-08
804 4.38487e-08
808 3.70887e-08
812 5.103e-08
816 4.25589e-08
820 4.22352e-08
824 3.77793e-08
828 4.07496e-08
832 7.86425e-08
836 1.29001e-07
840 1.91945e-07
844 4.63272e-08
848 3.72053e-08
852 4.18189e-08
856 3.84666e-08
860 3.21978e-08
864 4.86171e-08
868 4.5277e-08
872 3.94498e-08
876 3.35005e-08
880 3.91145e-08
884 3.40215e-08
888 3.31996e-08
892 3.60164e-08
896 4.04349e-08
900 3.16428e-07
904 4.75875e-08
908 3.84103e-08
912 3.16821e-08
916 3.72201e-08
920 3.44061e-08
924 3.52535e-08
928 3.62708e-08
932 3.58661e-08
936 3.30508e-08
940 3.43248e-08
944 3.87911e-08
948 4.00298e-08
952 3.693e-08
956 3.80371e-08
960 1.09231e-07
964 4.05236e-08
968 3.79753e-08
972 3.47207e-08
976 4.23053e-08
980 4.7033e-08
984 4.24575e-08
988 5.539e-08
992 6.26925e-08
996 1.27885e-07
1000 3.91801e-07
1004 1.18687e-07
1008 5.90715e-08
1012 4.62678e-08
1016 4.14122e-08
1020 2.30112e-07
1024 5.3845e-08
1028 3.41897e-08
1032 3.02443e-08
1036 4.65918e-08
1040 3.89586e-08
1044 4.17182e-08
1048 4.30078e-08
1052 3.34052e-08
1056 3.63618e-08
1060 4.39573e-08
1064 6.8295e-08
1068 4.99928e-08
1072 4.39271e-08
1076 3.5795e-08
1080 1.13921e-07
1084 5.0018e-08
1088 3.52406e-08
1092 4.21256e-08
1096 3.39022e-08
1100 3.47999e-08
1104 3.57706e-08
1108 3.29853e-08
1112 3.15456e-08
1116 3.33369e-08
1120 3.22252e-08
1124 2.87064e-08
1128 3.91302e-08
1132 3.51826e-08
1136 3.13516e-08
1140 1.97134e-07
1144 3.31664e-08
1148 3.75812e-08
1152 3.38434e-08
1156 3.27353e-08
1160 3.7779e-08
1164 4.59238e-08
1168 5.28625e-08
1172 3.16585e-08
1176 3.27116e-08
1180 3.18101e-08
1184 3.70003e-08
1188 3.26769e-08
1192 2.89766e-08
1196 3.27799e-08
1200 8.582e-08
1204 3.18533e-08
1208 3.50892e-08
1212 3.46733e-08
1216 3.6409e-08
1220 3.89124e-08
1224 2.91167e-08
1228 3.26954e-08
1232 3.7439e-08
1236 3.8819e-08
1240 3.77681e-08
1244 3.46252e-08
1248 4.77068e-08
1252 8.356e-08
1256 1.1722e-07
1260 1.75351e-07
1264 4.92646e-08
1268 3.00012e-08
1272 3.65566e-08
1276 3.58839e-08
1280 3.34069e-08
1284 3.4318e-08
1288 3.62367e-08
1292 4.73737e-08
1296 3.75453e-08
1300 3.62797e-08
1304 3.71751e-08
1308 3.50845e-08
1312 3.90725e-08
1316 3.84554e-08
1320 8.41105e-08
1324 4.80889e-08
1328 6.12155e-08
1332 2.52924e-07
1336 1.23416e-07
1340 5.8075e-08
1344 4.41656e-08
1348 4.18501e-08
1352 4.02071e-08
1356 3.52812e-08
1360 3.67867e-08
1364 4.46941e-08
1368 5.7335e-08
1372 4.46725e-08
1376 4.42384e-08
1380 1.78745e-07
1384 3.58267e-08
1388 2.65782e-08
1392 2.47569e-08
1396 2.54444e-08
1400 2.9495e-08
1404 3.1219e-08
1408 3.11764e-08
1412 3.28197e-08
1416 4.09442e-08
1420 4.24126e-08
1424 3.98434e-08
1428 3.38149e-08
1432 3.2467e-08
1436 3.24046e-08
1440 8.6139e-08
1444 4.38128e-08
1448 3.59659e-08
1452 2.72671e-08
1456 3.03153e-08
1460 3.32651e-08
1464 3.66654e-08
1468 3.75002e-08
1472 3.05426e-08
1476 2.91197e-08
1480 3.36206e-08
1484 2.69601e-08
1488 4.13277e-08
1492 4.07271e-08
1496 3.87126e-08
1500 1.43353e-07
1504 3.66881e-08
1508 3.49848e-08
1512 2.63686e-08
1516 3.53515e-08
1520 3.57282e-08
1524 3.12576e-08
1528 3.29887e-08
1532 3.38639e-08
1536 3.56686e-08
1540 3.17472e-08
1544 3.42961e-08
1548 3.1698e-08
1552 3.78013e-08
1556 3.19418e-08
1560 5.7701e-08
1564 3.90087e-08
1568 2.88551e-08
1572 3.24278e-08
1576 3.52778e-08
1580 3.5627e-08
1584 3.77915e-08
1588 3.35923e-08
1592 3.04074e-08
1596 4.02701e-08
1600 3.89202e-08
1604 3.95228e-08
1608 3.21941e-08
1612 3.87224e-08
1616 4.69852e-08
1620 1.6861e-07
1624 3.64542e-08
1628 4.35456e-08
1632 3.57076e-08
1636 3.4805e-08
1640 3.18297e-08
1644 3.0828e-08
1648 3.07835e-08
1652 2.95883e-08
1656 3.5904e-08
1660 6.5486e-08
1664 1.51415e-07
1668 1.29218e-07
1672 1.56458e-07
1676 1.21961e-07
1680 7.4103e-08
1684 4.06205e-08
1688 3.1576e-08
1692 3.93514e-08
1696 3.70426e-08
1700 4.3597e-08
1704 3.09486e-08
1708 3.28437e-08
1712 3.05139e-08
1716 2.83054e-08
1720 3.27785e-08
1724 3.87441e-08
1728 3.54222e-08
1732 3.72872e-08
1736 3.52339e-08
1740 1.60365e-07
1744 3.34702e-08
1748 3.76594e-08
1752 3.96235e-08
1756 3.43747e-08
1760 4.28073e-08
1764 2.75799e-08
1768 3.14386e-08
1772 2.89915e-08
1776 3.00291e-08
1780 2.41371e-08
1784 3.4906e-08
1788 2.91175e-08
1792 4.16637e-08
1796 3.79828e-08
1800 4.3748e-08
1804 2.69048e-08
1808 3.14152e-08
1812 2.68966e-08
1816 3.10758e-08
1820 3.91349e-08
1824 2.87184e-08
1828 3.60779e-08
1832 3.68843e-08
1836 2.9889e-08
1840 3.09121e-08
1844 3.26041e-08
1848 2.99536e-08
1852 3.07277e-08
1856 3.76839e-08
1860 9.4921e-08
1864 4.02229e-08
1868 2.77941e-08
1872 3.02569e-08
1876 2.83387e-08
1880 3.13678e-08
1884 2.58661e-08
1888 2.48473e-08
1892 3.12565e-08
1896 3.63128e-08
1900 4.28973e-08
1904 3.39858e-08
1908 3.51002e-08
1912 3.77936e-08
1916 3.45088e-08
1920 4.06545e-08
1924 3.37397e-08
1928 3.37728e-08
1932 3.09574e-08
1936 2.94778e-08
1940 3.22793e-08
1944 2.95513e-08
1948 3.16336e-08
1952 3.49092e-08
1956 3.16603e-08
1960 3.51094e-08
1964 3.4534e-08
1968 3.45843e-08
1972 4.63352e-08
1976 6.0983e-08
1980 1.5494e-07
1984 3.31277e-08
1988 3.42211e-08
1992 3.43626e-08
1996 6.80475e-08
2000 1.20392e-07
2004 6.01045e-08
2008 4.01546e-08
2012 3.26327e-08
2016 3.02412e-08
2020 3.28466e-08
2024 3.15159e-08
2028 3.08912e-08
2032 2.99104e-08
2036 2.78166e-08
2040 3.63902e-08
2044 3.36783e-08
2048 5.75375e-08
2052 3.53805e-08
2056 3.50902e-08
2060 3.22355e-08
2064 3.17985e-08
2068 3.55816e-08
2072 3.70139e-08
2076 3.51656e-08
2080 4.20093e-08
2084 6.08015e-08
2088 9.1006e-08
2092 1.3214e-07
2096 1.1703e-07
2100 9.94665e-08
2104 4.89114e-08
2108 4.29243e-08
2112 3.65953e-08
2116 3.35047e-08
2120 3.00226e-08
2124 3.99162e-08
2128 3.33185e-08
2132 4.01888e-08
2136 3.16838e-08
2140 2.88653e-08
2144 3.32374e-08
2148 3.45027e-08
2152 3.35477e-08
2156 2.45359e-08
2160 4.09592e-08
2164 3.79933e-08
2168 3.54581e-08
2172 3.50327e-08
2176 2.90243e-08
2180 3.03779e-08
2184 2.75046e-08
2188 2.9582e-08
2192 3.46725e-08
2196 2.47472e-08
2200 3.00899e-08
2204 5.4489e-08
2208 4.38584e-08
2212 4.05427e-08
2216 4.64294e-08
2220 1.0527e-07
2224 3.48592e-08
2228 3.64066e-08
2232 2.9048e-08
2236 3.04742e-08
2240 4.11571e-08
2244 3.24461e-08
2248 3.37712e-08
2252 3.28542e-08
2256 2.96148e-08
2260 3.53023e-08
2264 3.30558e-08
2268 3.68935e-08
2272 3.15456e-08
2276 3.42806e-08
2280 4.72853e-08
2284 3.19577e-08
2288 3.56089e-08
2292 3.13684e-08
2296 3.83342e-08
2300 3.64934e-08
2304 2.50083e-08
2308 3.69247e-08
2312 2.53352e-08
2316 3.00698e-08
2320 3.46642e-08
2324 3.44332e-08
2328 4.58719e-08
2332 8.8018e-08
2336 6.06685e-08
2340 5.7518e-08
2344 4.21699e-08
2348 2.96629e-08
2352 3.44067e-08
2356 3.39967e-08
2360 3.20788e-08
2364 2.94994e-08
2368 3.22459e-08
2372 3.10113e-08
2376 4.022e-08
2380 3.65586e-08
2384 3.10874e-08
2388 3.60583e-08
2392 3.31701e-08
2396 3.49131e-08
2400 3.9659e-08
2404 2.99755e-08
2408 2.79315e-08
2412 3.12474e-08
2416 3.69633e-08
2420 3.94936e-08
2424 2.9234e-08
2428 3.375e-08
2432 2.59917e-08
2436 3.54022e-08
2440 2.72821e-08
2444 3.14296e-08
2448 3.25365e-08
2452 3.59405e-08
2456 3.99095e-08
2460 9.8092e-08
2464 3.64381e-08
2468 3.42651e-08
2472 2.68248e-08
2476 2.83467e-08
2480 2.47353e-08
2484 3.20903e-08
2488 3.5112e-08
2492 3.16132e-08
2496 3.91717e-08
2500 4.56465e-08
2504 6.4938e-08
2508 8.49085e-08
2512 9.56085e-08
2516 7.2352e-08
2520 4.94882e-08
2524 4.12592e-08
2528 3.32977e-08
2532 3.52111e-08
2536 3.37725e-08
2540 3.23324e-08
2544 3.32896e-08
2548 3.37338e-08
2552 3.5013e-08
2556 3.10244e-08
2560 2.48756e-08
2564 2.64497e-08
2568 3.07819e-08
2572 3.20567e-08
2576 3.32941e-08
2580 6.39585e-08
2584 3.06525e-08
2588 2.85141e-08
2592 2.02703e-08
2596 2.74566e-08
2600 3.06842e-08
2604 3.50917e-08
2608 3.22773e-08
2612 3.50553e-08
2616 3.66166e-08
2620 3.04136e-08
2624 3.77971e-08
2628 4.21747e-08
2632 4.07696e-08
2636 3.24525e-08
2640 4.37675e-08
2644 3.83606e-08
2648 2.80576e-08
2652 3.46675e-08
2656 3.33494e-08
2660 4.29129e-08
2664 4.38201e-08
2668 5.2629e-08
2672 3.9981e-08
2676 3.24658e-08
2680 3.45872e-08
2684 3.19786e-08
2688 3.49173e-08
2692 3.01541e-08
2696 4.3601e-08
2700 1.32689e-07
2704 4.53929e-08
2708 3.53012e-08
2712 3.39737e-08
2716 2.61803e-08
2720 2.87836e-08
2724 2.65636e-08
2728 3.31285e-08
2732 3.43607e-08
2736 3.25078e-08
2740 3.5531e-08
2744 3.17258e-08
2748 3.86456e-08
2752 4.039e-08
2756 2.65601e-08
2760 4.39723e-08
2764 2.83972e-08
2768 2.41187e-08
2772 3.27651e-08
2776 3.08863e-08
2780 3.46581e-08
2784 3.41068e-08
2788 3.55391e-08
2792 3.15758e-08
2796 2.73968e-08
2800 2.75482e-08
2804 3.65269e-08
2808 2.81658e-08
2812 4.46437e-08
2816 4.72498e-08
2820 4.32855e-08
2824 2.84596e-08
2828 2.85574e-08
2832 3.42518e-08
2836 3.11473e-08
2840 3.33065e-08
2844 3.15681e-08
2848 3.03286e-08
2852 3.0624e-08
2856 3.44899e-08
2860 2.76363e-08
2864 2.90797e-08
2868 3.35383e-08
2872 2.60693e-08
2876 3.3594e-08
2880 4.29557e-08
2884 3.48302e-08
2888 3.43428e-08
2892 2.57761e-08
2896 2.62674e-08
2900 2.99651e-08
2904 3.27265e-08
2908 3.59719e-08
2912 3.31012e-08
2916 3.32859e-08
2920 4.26831e-08
2924 5.16535e-08
2928 5.9736e-08
2932 5.8233e-08
2936 4.93258e-08
2940 4.81244e-08
2944 2.95716e-08
2948 2.98677e-08
2952 3.02878e-08
2956 3.33408e-08
2960 3.55965e-08
2964 3.6726e-08
2968 3.49939e-08
2972 3.32773e-08
2976 3.19027e-08
2980 2.96015e-08
2984 3.73537e-08
2988 3.76817e-08
2992 2.59321e-08
2996 3.5583e-08
3000 3.822e-08
3004 2.79743e-08
3008 3.19406e-08
3012 3.42802e-08
3016 3.33982e-08
3020 3.35909e-08
3024 3.77477e-08
3028 3.40993e-08
3032 4.12858e-08
3036 3.22429e-08
3040 3.74e-08
3044 3.6009e-08
3048 4.1636e-08
3052 3.92037e-08
3056 3.83708e-08
3060 7.8199e-08
3064 3.72621e-08
3068 3.19121e-08
3072 6.3133e-08
3076 2.97069e-08
3080 3.37597e-08
3084 3.25494e-08
3088 2.75031e-08
3092 3.04213e-08
3096 4.2278e-08
3100 3.48061e-08
3104 3.15475e-08
3108 3.1097e-08
3112 2.96828e-08
3116 3.31438e-08
3120 3.71352e-08
3124 3.17461e-08
3128 3.09063e-08
3132 2.47683e-08
3136 2.85314e-08
3140 3.09817e-08
3144 3.2118e-08
3148 2.78126e-08
3152 3.4507e-08
3156 2.66575e-08
3160 2.79403e-08
3164 3.57129e-08
3168 3.13862e-08
3172 3.41292e-08
3176 3.80881e-08
3180 8.134e-08
3184 2.90502e-08
3188 3.17894e-08
3192 3.58321e-08
3196 2.54229e-08
3200 3.02785e-08
